1000
853 872 0
787 804 1
857 880 0
545 576 0
56 78 0
151 172 0
314 338 1
613 649 0
362 370 0
138 179 1
420 422 1
558 570 0
486 490 0
849 864 1
976 1024 0
64 95 1
314 339 1
281 305 0
479 509 1
254 283 0
217 241 1
801 833 1
896 927 0
770 804 0
430 443 0
301 346 1
749 794 1
7 13 0
848 896 1
618 627 0
881 931 0
727 750 1
122 148 1
89 114 1
306 324 1
603 630 1
17 34 0
960 992 1
140 185 1
43 87 0
832 865 0
578 613 0
737 771 1
385 386 0
717 730 0
907 918 1
777 786 1
814 828 0
939 983 0
844 889 1
391 398 1
979 999 1
879 928 0
184 209 1
948 969 1
659 679 1
271 287 0
46 61 0
9 19 1
106 117 0
965 971 0
227 264 0
652 698 0
155 184 1
884 906 0
623 673 1
884 906 1
206 255 1
632 658 0
772 811 0
546 550 1
102 110 0
641 644 1
200 243 0
289 325 1
66 103 1
352 354 1
876 890 0
482 486 0
908 955 1
621 670 1
184 211 0
337 357 1
142 192 1
209 229 1
772 812 1
230 239 0
575 577 1
35 74 0
553 598 0
935 978 1
781 797 1
940 955 1
405 430 0
820 844 1
473 502 1
556 572 0
461 478 0
332 381 0
293 335 0
488 500 1
331 346 1
487 531 0
868 876 1
801 839 0
736 740 1
838 881 1
2 41 1
998 1008 0
161 199 0
62 97 0
60 93 1
343 371 0
632 661 1
766 802 1
10 58 1
42 57 1
260 302 1
642 682 1
737 776 0
769 775 0
734 737 1
4 46 1
102 113 0
425 472 0
458 506 1
777 791 0
642 682 0
750 770 1
333 352 1
235 285 1
851 876 0
75 92 1
172 190 0
640 679 0
924 926 0
425 473 1
930 938 1
960 999 0
411 445 1
996 1006 1
417 457 1
971 989 0
682 699 0
977 1001 1
651 669 0
537 569 1
328 376 0
599 629 1
112 135 1
952 983 0
734 739 1
892 928 1
391 405 1
225 266 1
698 732 1
507 509 1
992 999 0
743 790 1
996 1007 0
319 325 0
287 326 0
933 978 0
901 913 0
217 250 0
384 424 1
772 816 0
750 772 0
83 110 1
176 200 0
114 140 0
393 410 0
110 132 1
725 754 0
174 196 0
8 57 0
795 831 1
855 887 0
702 741 1
5 18 1
987 1023 1
866 876 0
865 907 1
380 417 1
591 615 1
118 149 0
713 731 0
597 627 0
659 687 0
461 483 0
917 947 0
166 181 0
703 711 1
485 532 0
95 136 0
892 930 1
614 629 1
802 813 0
156 161 1
157 196 0
343 376 0
182 214 0
772 818 0
618 638 1
973 996 1
682 702 1
690 718 0
333 356 0
416 426 1
383 392 1
343 377 0
222 230 1
676 690 0
773 788 0
85 117 0
931 977 0
620 643 0
869 918 0
975 1001 0
823 825 0
129 141 0
698 736 0
27 66 0
959 969 1
219 258 1
834 880 0
961 973 0
963 977 1
671 714 1
315 321 1
805 855 0
147 178 0
339 370 1
337 366 0
325 342 0
787 818 0
632 669 1
500 533 0
320 365 1
309 310 1
472 476 0
607 651 1
475 515 1
832 877 0
48 77 1
77 103 0
810 833 0
13 39 1
42 65 1
843 867 0
781 807 1
137 159 0
527 555 0
853 888 1
762 802 1
983 1020 1
122 162 0
323 339 1
256 302 1
891 899 0
705 719 0
829 839 1
963 979 1
835 852 0
13 40 0
548 566 1
969 992 0
579 596 0
481 529 0
389 408 0
664 670 1
190 235 0
760 799 1
384 431 0
921 961 1
434 467 0
605 649 0
339 373 1
469 505 0
665 705 0
471 509 0
20 22 1
962 1012 0
705 721 0
578 628 1
386 436 1
323 341 1
713 737 0
620 647 0
748 775 1
878 907 0
31 78 0
757 761 0
96 111 1
442 484 1
758 796 0
30 43 0
598 603 0
27 70 0
887 893 0
154 163 1
794 803 0
988 999 0
178 212 0
457 482 0
801 851 1
738 756 1
238 268 0
486 508 1
471 511 0
818 853 1
847 879 0
728 736 1
538 548 0
634 677 0
145 179 0
472 480 1
232 257 0
62 110 0
651 679 1
486 509 0
911 944 0
660 665 1
594 597 1
856 865 1
20 25 1
573 587 1
277 316 1
505 515 1
800 818 0
926 942 0
195 216 1
523 552 1
282 294 1
186 231 0
686 719 1
475 521 1
477 525 1
314 359 0
603 649 1
886 927 0
48 83 1
277 317 1
764 811 1
325 349 0
413 462 1
477 526 0
157 206 0
125 141 0
532 539 1
724 731 0
316 364 1
151 194 0
20 27 0
50 88 0
367 369 0
303 305 1
728 739 1
501 509 0
800 820 1
992 1012 0
833 854 1
618 648 0
806 832 0
352 372 1
521 550 1
94 112 0
645 670 0
709 734 0
468 476 0
499 506 1
816 853 0
849 887 1
113 118 0
48 85 1
300 333 0
635 650 1
139 171 0
240 277 0
144 148 1
168 197 0
667 716 1
837 863 0
348 365 1
387 411 1
562 602 1
529 568 0
151 196 0
211 252 1
375 387 0
472 485 0
914 921 0
815 819 0
984 997 1
736 758 0
67 92 1
647 676 0
342 354 1
876 911 0
720 726 0
587 621 0
300 335 0
949 960 0
888 935 1
398 402 0
397 433 0
109 112 0
358 387 1
537 586 1
932 959 0
808 839 1
967 997 1
967 997 0
125 145 1
274 283 0
752 792 1
588 591 0
814 852 0
458 459 0
175 181 0
238 276 1
135 166 1
633 650 0
263 294 1
389 418 1
325 354 1
220 240 0
901 930 0
610 636 1
937 938 0
906 908 1
523 559 0
815 822 1
616 649 0
600 616 1
235 238 1
458 460 1
534 548 1
500 545 1
233 234 1
594 604 0
658 668 1
886 933 0
464 472 1
606 629 1
36 65 1
632 682 1
694 742 0
635 655 1
315 335 0
998 1029 0
212 225 1
366 406 0
464 473 0
113 123 1
912 921 0
785 828 0
757 771 0
11 48 1
948 994 1
886 934 1
922 942 1
1 28 1
277 325 0
278 294 0
606 630 0
705 732 1
999 1000 1
335 377 0
369 380 0
172 211 1
10 14 0
499 512 1
75 113 1
234 271 0
228 259 1
635 657 0
290 319 1
154 175 1
408 427 1
180 228 0
379 401 1
317 341 1
50 96 0
837 870 0
173 181 0
372 420 1
531 578 1
498 544 0
326 327 1
529 574 0
879 889 1
856 876 1
787 835 0
858 880 0
32 60 1
28 52 0
542 568 0
302 345 1
112 157 0
870 905 0
681 686 1
300 341 1
82 96 1
548 581 1
38 73 1
32 61 0
381 407 0
827 851 1
920 941 1
127 155 1
244 294 0
119 139 0
833 863 1
778 785 1
750 794 0
357 359 0
233 239 1
975 1020 0
887 908 0
858 882 0
249 272 1
961 992 1
80 94 0
174 219 1
742 779 0
517 553 0
71 109 0
292 327 0
779 821 1
973 1017 1
361 368 1
523 565 0
100 135 0
945 960 1
587 629 1
879 892 0
978 995 1
534 555 0
30 59 0
179 197 1
472 495 1
553 561 1
299 309 1
937 945 1
293 297 1
745 753 0
4 7 1
227 229 1
357 361 0
408 432 0
848 864 0
344 368 1
600 624 0
583 623 1
76 88 0
296 337 1
748 793 1
263 303 1
555 566 1
583 623 0
487 494 0
326 332 1
816 866 1
878 926 0
445 475 1
433 451 0
540 569 1
637 667 0
392 401 1
831 864 0
870 910 1
71 112 1
737 739 0
69 108 1
355 359 1
384 385 1
357 363 0
618 662 1
130 133 1
220 250 1
532 554 0
591 641 0
527 577 0
623 640 0
540 570 1
860 890 0
602 630 1
174 223 0
13 61 1
546 583 0
677 684 0
321 357 1
967 1009 0
871 880 1
355 360 1
653 702 1
686 736 0
138 151 0
937 949 1
324 331 0
716 732 0
441 470 1
18 40 1
788 812 0
955 986 1
105 118 0
926 961 1
360 405 1
713 759 0
968 980 1
156 189 1
777 823 1
625 647 1
377 407 0
396 413 0
146 169 1
565 591 0
44 94 1
142 161 1
830 833 0
102 146 0
576 581 1
260 269 0
259 300 0
832 837 1
772 781 1
872 918 0
874 922 1
29 31 1
743 755 1
190 193 0
710 721 0
214 242 0
623 644 0
633 664 0
951 980 0
325 369 1
423 436 1
960 966 0
383 421 0
47 69 1
9 58 0
229 241 0
323 366 1
795 797 1
540 576 0
69 114 0
832 839 1
455 502 0
358 404 1
635 670 1
314 315 0
673 681 0
903 950 1
749 770 1
340 368 1
280 312 1
619 638 0
408 440 1
330 348 0
976 1000 0
819 846 1
631 662 0
637 675 1
728 761 0
95 102 1
158 197 1
807 822 0
515 559 1
219 222 1
776 793 0
974 997 1
844 865 0
714 733 0
941 963 0
583 632 0
724 753 1
303 327 1
7 56 0
448 457 1
96 138 0
892 897 0
30 70 0
762 765 0
608 650 0
477 483 1
705 748 1
575 616 1
445 484 1
967 1017 1
551 568 0
295 312 0
627 656 0
69 117 1
134 150 1
728 763 1
826 830 0
670 711 0
120 122 1
577 621 1
410 447 1
964 978 0
937 957 0
614 664 1
468 499 0
879 905 0
658 687 0
757 789 1
489 509 0
668 708 1
356 404 1
87 89 0
668 708 0
444 451 0
933 950 1
681 702 1
899 947 0
268 292 0
142 168 1
371 402 1
594 624 0
879 906 1
8 28 1
297 318 1
729 734 0
225 238 0
857 862 1
152 189 0
706 720 1
26 65 1
314 320 0
964 981 0
111 139 0
869 887 1
546 594 0
499 531 1
43 67 1
37 55 0
817 847 0
394 417 1
380 389 0
348 390 0
290 338 1
596 630 0
566 569 0
60 69 1
450 465 0
352 398 1
374 377 1
23 27 0
604 646 0
510 521 1
992 1038 0
410 450 1
995 1011 1
394 418 0
930 979 1
935 956 0
450 466 0
41 64 0
355 372 0
131 181 0
629 665 0
658 691 0
319 365 0
983 988 1
629 665 1
596 631 0
353 368 0
756 758 0
661 664 0
253 297 0
893 937 1
796 839 1
703 749 0
375 413 1
408 447 1
37 57 1
851 853 0
62 75 1
127 174 1
598 636 1
509 554 0
574 587 1
540 584 0
988 1032 0
493 522 1
544 593 0
739 758 0
912 944 1
947 983 0
374 380 1
81 82 1
990 1037 0
50 52 1
580 601 1
299 327 0
227 247 0
256 273 1
485 507 1
66 85 0
943 976 0
125 172 1
377 420 1
116 121 0
51 88 1
539 551 0
82 118 1
927 944 0
140 170 0
836 858 0
202 230 1
542 591 1
479 496 0
838 862 0
2 22 0
619 648 0
64 82 1
879 913 0
881 917 1
822 830 1
788 827 0
945 981 0
87 96 0
817 853 0
316 330 1
86 127 0
919 928 1
574 590 1
855 864 1
370 374 1
49 85 0
434 438 0
535 544 0
308 314 1
297 325 1
607 625 0
491 521 1
161 181 0
617 645 1
324 347 0
260 283 1
529 533 0
852 892 1
379 426 0
881 918 0
217 229 1
572 587 1
950 959 0
730 776 1
18 56 0
507 554 1
240 243 1
366 367 0
465 469 0
371 410 0
46 47 0
136 164 0
699 747 0
668 717 1
99 122 1
745 774 1
349 366 0
743 770 1
582 608 1
250 264 1
281 294 0
301 335 0
640 661 0
671 691 0
198 225 1
840 869 0
751 788 0
560 565 0
972 1006 0
654 690 1
472 518 0
215 227 1
816 821 1
365 400 1
788 830 0
731 747 1
14 50 0
432 437 1
499 540 0
953 1000 0
293 320 1
421 448 1
326 354 0
834 858 0
900 926 0
128 150 0
372 382 1
53 97 0
406 451 1
21 32 1
142 179 0
723 732 1
954 970 1
270 307 1
673 697 1
322 347 0
572 591 1
99 125 1
408 456 0
803 829 1
642 667 0
588 624 0
783 789 1
979 989 0
15 21 1
136 168 1
729 746 1
157 178 1
547 574 0
611 638 0
216 265 0
434 444 1
85 98 1
937 971 0
712 745 1
617 651 0
341 354 0
819 863 1
205 210 0
175 215 1
916 961 0
564 576 1
396 433 1
754 764 0
399 406 0
795 815 1
508 529 0
31 55 0
285 307 0
999 1031 1
743 776 0
972 1010 1
47 88 0
81 91 1
975 983 0
171 208 0
846 886 0
104 105 0
138 174 1
949 996 1
73 75 1
982 1031 0
669 692 0
565 613 0
547 576 0
677 708 1
442 462 1
966 999 1
873 909 1
430 438 0
683 721 0
207 216 1
403 416 1
879 921 0
172 178 0
136 171 0
721 732 0
132 163 0
285 309 1
746 751 1
969 973 0
874 879 0
468 516 1
392 428 1
685 726 1
916 965 1
252 276 0
62 88 0
710 745 0
486 488 1
233 271 1
8 45 0
139 146 0
941 983 0
913 926 0
818 832 1
167 203 1
849 862 0
491 531 1
578 609 1
642 673 1
832 861 1
460 502 1
903 907 1
998 1001 0
304 317 1
239 284 1
337 351 1
812 821 1
7 11 1
423 460 1
360 365 1
135 139 1
