1000
600
50 594 2
76 845 3
86 997 19
98 229 14
102 171 17
91 578 16
39 209 4
21 106 14
80 259 14
65 592 13
56 739 8
47 820 5
78 784 1
88 474 3
98 428 14
107 810 5
30 158 11
70 636 1
14 258 3
64 293 20
73 543 7
77 419 11
98 759 13
39 276 7
39 606 16
61 915 20
106 445 17
47 887 10
52 798 13
50 860 16
28 617 19
73 279 19
100 169 13
88 805 18
79 886 13
20 469 9
21 240 4
63 854 3
73 676 7
61 123 9
40 906 16
26 217 14
82 595 17
47 227 4
16 659 18
92 748 7
95 655 8
47 888 1
39 475 12
52 865 7
97 659 14
65 528 11
39 475 18
28 222 5
45 554 3
18 664 12
99 465 20
33 331 20
104 707 10
68 568 6
68 634 8
17 960 1
28 817 10
90 679 5
88 146 19
98 563 13
109 156 14
93 256 3
52 536 3
28 619 17
17 894 14
32 363 17
97 132 13
94 225 13
53 241 8
89 380 14
87 508 19
25 448 20
74 779 16
72 577 11
51 105 8
72 511 13
68 701 15
94 754 10
52 801 7
12 455 20
91 517 7
101 802 5
81 431 3
17 565 11
47 758 17
17 631 15
38 839 15
66 632 8
105 150 1
58 153 18
89 183 19
64 628 9
89 976 12
20 605 1
49 102 17
92 553 10
80 661 5
82 797 9
26 485 13
63 131 5
52 340 1
90 615 14
101 935 10
103 675 7
17 368 9
40 910 15
51 569 20
45 491 12
27 719 4
76 653 19
43 487 15
44 126 8
32 894 19
35 735 19
87 775 12
38 114 8
72 447 18
80 728 6
51 438 3
18 932 18
89 647 17
13 559 6
36 242 19
14 396 5
32 102 17
21 377 15
32 499 1
41 616 15
60 886 9
76 985 1
10 256 10
59 587 8
26 553 7
67 405 9
27 786 14
80 200 19
85 508 7
19 572 8
101 739 2
44 788 12
62 362 15
56 680 19
57 517 17
94 361 17
37 675 7
18 273 11
25 188 15
100 506 13
39 283 9
86 478 8
105 418 3
54 678 1
39 614 19
57 717 8
50 207 17
90 421 1
35 210 7
69 411 13
90 355 5
54 480 16
81 568 15
13 364 7
99 869 14
73 354 4
25 785 5
106 190 1
105 419 7
92 822 11
22 944 13
17 174 17
59 590 6
55 450 1
22 944 18
73 354 16
104 847 2
42 985 9
69 148 10
88 352 5
32 833 3
31 335 17
34 771 2
15 303 5
24 486 20
74 720 13
26 491 1
86 745 1
74 192 14
24 817 16
69 215 9
25 390 7
38 383 18
49 769 16
73 488 5
28 826 3
108 658 12
64 569 3
86 217 17
38 318 8
107 161 9
105 950 1
94 696 14
47 898 6
11 362 19
108 196 13
91 723 13
108 923 5
88 486 13
103 880 7
22 550 18
52 215 5
45 432 5
67 939 12
109 496 5
56 950 3
76 660 18
53 316 18
54 153 16
47 833 2
11 429 20
46 335 18
40 257 13
29 202 4
70 384 17
13 169 20
70 913 5
36 183 20
26 361 19
88 421 16
30 700 1
49 177 6
91 989 10
56 356 17
97 869 16
74 195 9
21 715 6
62 237 1
98 376 7
108 859 7
67 610 20
32 440 16
52 349 3
16 474 4
17 575 10
106 987 11
59 396 12
41 624 5
19 579 14
45 632 8
49 772 18
94 897 14
14 536 19
75 165 7
21 121 18
103 684 18
108 265 11
17 774 6
89 656 11
39 224 12
47 703 8
21 518 8
53 253 3
96 770 1
12 533 7
92 431 19
86 485 14
100 514 3
60 895 13
33 345 1
77 963 6
21 651 3
97 211 16
87 389 11
104 787 9
64 640 1
30 439 9
84 747 5
32 179 2
87 852 14
30 703 20
48 872 11
14 869 13
21 256 1
82 281 1
61 271 16
47 375 5
23 921 2
23 921 1
95 142 17
40 724 14
93 733 4
21 520 20
83 250 8
38 918 20
109 369 6
109 435 8
68 847 19
37 751 20
99 481 10
29 471 3
85 849 9
19 451 3
11 963 11
13 637 6
80 806 17
30 242 18
59 863 4
21 455 18
61 735 1
55 128 11
69 619 7
97 742 10
25 464 1
48 874 7
53 587 6
39 426 19
41 232 14
56 758 13
22 557 8
39 955 7
105 627 2
54 160 3
54 160 6
56 428 15
80 213 3
74 597 11
56 164 12
59 269 20
53 257 18
38 194 1
62 969 18
103 755 18
97 413 6
87 921 18
97 677 18
95 343 15
25 267 8
32 975 6
10 468 2
77 241 5
101 554 7
17 978 4
51 915 3
97 810 16
101 686 14
48 810 2
77 175 13
66 186 8
56 496 7
103 228 16
26 105 2
27 404 13
30 179 8
12 737 9
25 136 3
57 531 16
99 154 12
26 501 19
34 716 2
104 990 16
49 185 8
36 588 12
93 935 18
29 541 16
83 519 6
36 853 5
25 732 1
89 267 16
13 641 17
17 253 12
28 969 12
97 680 15
31 282 2
90 699 12
104 331 13
88 695 19
76 671 8
97 879 8
10 273 6
43 703 19
50 817 5
20 888 11
74 800 8
83 653 11
55 662 19
10 472 2
105 962 11
71 761 8
32 120 14
80 812 20
32 649 3
89 203 12
103 760 11
36 591 8
60 243 20
22 761 4
14 414 19
24 633 7
31 746 16
26 703 15
84 689 9
65 353 11
105 104 15
99 422 17
90 569 13
23 730 20
75 836 10
89 270 9
25 206 9
91 274 15
76 409 7
13 446 11
58 835 7
26 968 18
16 816 6
52 162 20
31 417 7
80 814 3
49 190 3
30 713 5
109 774 20
70 728 11
66 654 5
104 863 19
94 909 8
71 235 2
93 808 11
60 576 5
50 159 16
47 318 18
43 905 1
90 703 7
104 269 10
21 860 15
70 993 3
48 750 16
27 410 16
87 136 5
105 965 19
89 140 8
24 966 3
34 193 20
92 840 2
90 968 8
59 872 12
32 322 4
30 318 2
108 939 3
63 682 14
42 871 2
78 217 19
39 964 4
63 352 11
41 241 17
90 638 19
59 608 19
89 537 13
83 393 5
86 432 12
47 716 14
83 195 1
64 189 14
32 653 5
103 500 10
99 954 20
10 344 16
73 439 15
14 286 20
69 431 13
44 876 8
90 573 9
18 361 1
20 167 4
87 402 14
87 931 4
68 727 13
76 413 20
76 744 1
78 946 10
94 450 15
52 695 15
94 582 18
24 638 20
10 478 6
107 510 9
26 445 1
13 385 19
54 568 1
92 315 1
18 825 11
96 191 5
62 188 4
30 321 9
79 784 6
99 296 13
16 887 12
65 888 1
109 118 20
49 327 4
61 880 2
42 478 6
100 728 8
45 649 15
11 382 9
106 278 1
38 272 4
63 752 10
102 534 16
63 884 20
75 975 7
23 671 9
94 254 4
21 403 2
40 871 8
12 484 5
16 228 3
45 188 3
64 986 18
43 316 11
51 795 1
72 672 20
107 512 14
41 576 20
97 492 8
80 821 3
93 550 7
67 497 15
69 303 20
13 916 16
99 364 19
21 272 8
14 885 20
60 186 13
69 634 7
51 267 11
103 769 17
72 607 12
55 672 8
12 221 18
82 562 7
97 295 17
17 595 13
77 717 13
74 744 14
67 102 18
107 316 6
23 145 20
44 221 14
24 709 10
15 724 7
91 350 4
54 308 1
57 611 16
85 800 18
62 853 3
94 323 19
100 864 12
11 848 20
68 667 12
100 732 13
85 867 4
45 455 19
78 820 2
36 668 20
99 433 11
11 188 18
39 906 4
71 905 8
91 615 19
23 213 4
63 426 18
101 900 10
102 737 7
88 841 4
68 338 1
45 258 11
59 749 10
65 431 5
104 213 3
81 992 10
90 779 13
100 998 6
76 883 15
44 422 4
50 236 6
76 355 3
24 117 8
101 703 13
99 897 18
92 123 16
73 646 16
62 525 2
78 359 16
50 897 8
90 978 17
73 448 19
24 580 7
22 906 17
74 219 20
73 118 16
102 210 14
27 157 8
17 599 13
18 238 3
31 958 13
80 959 1
65 895 20
79 924 5
24 449 1
10 354 17
52 968 14
69 243 8
66 204 4
97 630 20
29 492 12
61 623 18
96 133 4
13 658 8
40 151 18
52 308 8
32 135 15
30 329 20
34 668 3
79 264 4
73 516 13
37 245 8
52 969 18
100 208 15
102 212 18
104 877 6
84 638 13
102 609 6
34 537 2
86 444 19
18 372 18
43 390 13
34 537 8
38 545 16
87 810 11
109 194 13
35 638 19
15 796 5
81 996 8
88 515 2
28 327 10
46 760 9
92 259 8
41 717 8
34 868 5
38 876 9
103 777 9
21 478 14
51 209 5
103 711 12
22 778 3
106 156 6
85 873 8
86 710 2
99 439 12
109 988 5
102 280 17
93 229 5
71 118 14
88 648 14
18 308 4
95 101 15
24 188 16
64 732 12
22 118 16
62 464 4
23 880 11
34 143 1
60 658 9
108 425 18
90 917 16
18 507 1
52 708 9
38 151 10
64 204 7
68 939 2
33 967 3
54 646 16
14 829 14
77 924 19
63 830 5
46 630 13
79 664 17
60 130 18
75 128 4
73 322 12
46 300 20
38 945 1
23 221 1
20 446 7
100 212 14
68 940 10
82 440 7
108 493 6
21 944 2
20 380 18
81 141 8
107 260 7
35 642 16
61 761 13
59 559 7
54 978 20
21 614 8
77 662 3
20 513 8
41 655 8
108 494 14
17 276 14
54 583 1
25 821 17
104 751 2
49 606 6
107 922 11
51 148 1
11 331 6
62 137 16
21 153 10
63 569 1
14 304 13
15 141 13
106 359 11
94 401 6
16 705 5
23 620 12
25 558 19
52 316 8
47 405 7
74 691 12
81 540 20
12 301 17
73 392 18
94 270 6
54 585 8
91 363 8
50 379 1
102 154 9
104 356 18
53 286 3
92 200 5
20 186 1
33 906 4
13 337 2
46 767 16
45 270 3
57 294 15
62 271 19
67 843 9
59 166 16
32 607 4
34 677 11
97 772 9
69 517 9
66 478 5
14 306 20
26 331 2
88 787 15
50 644 5
94 403 14
75 926 17
51 283 5
12 765 17
34 149 20
49 411 17
60 929 15
46 967 3
71 258 5
79 340 14
43 267 12
27 433 8
86 520 7
28 931 3
84 120 4
53 552 19
41 396 3
45 470 14
18 382 20
86 917 11
96 343 4
84 649 9
24 263 3
25 562 18
53 553 16
85 750 18
61 107 9
79 474 9
11 864 19
53 421 18
109 733 20
100 484 1
107 531 9
101 717 10
15 542 20
96 476 3
102 422 15
19 815 10
85 619 5
70 555 20
52 255 1
58 333 9
109 932 14
25 167 4
91 499 19
76 436 3
107 730 15
74 432 6
91 896 2
60 205 18
80 180 8
18 781 3
72 296 7
46 243 16
95 178 1
90 795 17
95 376 9
98 283 6
107 202 13
59 699 18
103 326 19
72 825 2
104 956 5
14 707 9
81 942 15
51 485 7
92 800 4
87 294 14
22 790 1
69 720 15
106 630 19
95 707 12
73 398 13
69 126 6
11 272 20
20 852 16
64 347 15
19 289 2
55 626 17
15 413 5
81 217 5
84 917 4
76 108 2
75 139 2
50 187 10
94 871 10
26 601 5
35 520 11
65 911 19
50 253 18
81 746 6
65 647 19
91 436 6
48 580 6
101 324 19
104 892 6
80 447 4
36 820 5
87 494 14
48 382 10
43 735 17
103 857 15
15 348 18
19 224 19
93 309 5
49 946 14
49 484 5
20 260 2
19 357 4
51 422 7
100 951 8
37 724 8
104 629 12
104 299 2
105 400 7
25 237 19
47 348 16
57 633 3
27 968 19
109 276 15
29 576 10
35 588 16
96 547 15
28 277 5
12 641 2
37 328 19
63 249 10
106 436 1
42 834 13
64 945 9
93 773 2
22 331 17
100 886 17
59 704 2
86 197 19
37 197 3
24 468 2
74 239 10
20 592 1
71 398 15
57 832 16
22 464 7
107 736 4
21 825 17
73 667 3
76 574 6
48 583 12
42 703 13
45 742 16
92 937 6
37 330 3
37 528 13
37 264 6
67 259 10
97 122 4
25 306 5
57 107 2
42 572 10
53 231 9
38 630 9
98 620 3
90 802 7
34 622 9
68 757 17
10 177 6
64 353 3
88 864 12
89 106 20
17 951 12
88 534 5
85 495 3
21 761 16
108 905 10
21 629 18
48 585 10
93 115 11
48 453 10
37 728 11
90 935 9
81 421 16
37 860 20
68 560 12
85 826 9
38 103 5
62 548 14
59 443 9
36 165 10
45 613 3
103 863 8
39 799 9
38 500 2
76 907 18
62 218 18
95 583 3
31 717 9
95 979 14
91 641 10
30 484 15
59 708 20
32 290 16
69 993 10
97 852 3
97 984 4
70 962 15
107 476 8
24 935 7
70 764 14
26 939 11
36 299 4
93 976 16
62 814 16
40 307 12
58 278 4
100 363 19
10 511 1
28 415 18
79 486 9
50 394 14
88 273 16
10 709 20
40 176 4
87 833 8
49 888 6
28 548 7
24 870 13
85 895 12
95 453 12
50 263 2
60 217 12
46 783 16
54 205 9
28 681 1
17 361 17
31 852 20
