10000
1671 5127
738 7662
4683 5439
9318 8847
3702 8721
5667 213
2721 3372
5121 2403
8073 2634
9354 5508
8187 5661
711 510
4143 4155
7491 2925
1386 1359
5307 3963
876 8427
5874 9672
4380 9171
4014 5172
3186 6747
8991 5577
7014 3939
4395 8247
6417 1734
8586 9729
6834 8667
1170 5346
9855 9294
6951 7791
6321 5409
2835 2733
5109 8004
6522 969
3612 5808
3555 9438
4407 4056
3825 4869
1896 4440
9840 8676
318 5517
5805 1557
6777 441
3222 8511
9387 1497
1293 6621
9135 2673
6771 2841
7977 2121
4362 7962
2106 2937
7923 7254
693 4347
8580 2865
4287 9774
6981 7266
6183 870
9882 4593
5955 6870
5511 7647
3054 417
2217 7356
5763 3438
3084 2511
597 3777
3903 4536
2877 4140
4740 3690
8085 2226
8778 6879
9810 9012
8250 78
3084 9048
9606 2271
7269 327
2631 2808
5307 9816
4737 9663
6423 8385
1242 7167
8976 8412
8217 5391
3750 4011
4794 3000
3579 1914
9639 1293
7851 840
2157 9654
1281 8034
4569 8022
6771 9741
2385 7074
1869 3774
6282 8301
186 4569
9735 6636
1197 3381
6885 1626
9780 9267
3603 2163
681 1515
1050 9225
5958 3114
7131 9387
7191 7452
204 9699
5073 6858
3597 1530
3435 714
1029 2871
7560 4545
8637 1725
2982 3105
1683 3597
21 1068
5409 2727
9051 9363
678 4455
7302 6357
7827 8982
1239 4788
3732 7245
6579 7719
2229 6924
6573 5430
1317 7596
2619 1188
8541 6753
9969 6900
6180 6438
5535 1038
9813 9807
8397 2544
6372 2178
4458 7470
6282 7617
9909 3624
1791 1221
1455 5436
9342 2988
2151 9606
8235 9837
1623 819
2406 2019
2841 7572
3861 6204
9303 9183
6966 5253
4263 5955
3954 1413
6510 8127
7950 4605
639 8943
5976 9654
2034 8913
1086 5202
1836 8403
8562 7872
8061 7590
5301 7758
210 8271
3153 6504
5136 8859
4386 8361
7980 5652
8883 9132
1335 5613
225 1611
414 315
2346 7872
7437 5898
948 7833
1989 7305
8145 9102
4437 9531
5385 639
3735 1611
1713 4926
3366 5457
5262 5709
1473 5439
7416 1530
1707 3162
8061 4449
3174 4698
5544 7758
2340 8178
3771 5856
9213 204
3213 4545
8547 114
6936 2475
807 5241
5082 8343
5865 4551
8496 2283
2109 2280
4623 1413
1641 714
5178 3621
4791 2946
9993 7899
9153 8151
1293 2367
4512 2484
2736 3051
9795 4356
1989 2070
3759 1200
2403 5322
8862 2727
8349 5094
6105 8562
933 5178
2979 6192
7335 8199
9264 3444
5661 2169
7710 4878
9891 7743
3138 1755
3222 177
945 9618
8094 3003
1980 2637
5313 1836
3072 8985
1692 7566
7368 8268
2079 2121
3228 2853
5700 8634
4800 4176
2112 5910
5481 6789
8430 5325
78 3738
6939 7044
6915 1503
5769 1005
5430 5511
2127 5400
2676 246
4983 5694
1662 3351
6354 7293
684 3669
7074 1203
3207 9681
4377 7089
1944 7386
7737 2715
2076 2358
7938 1722
9171 8046
336 5322
1425 7989
6177 5832
1860 7392
8004 9660
8976 9756
5430 9015
4386 3381
4917 5232
3945 1689
1197 174
8271 9186
7956 7899
6480 4557
9111 303
5301 5343
7542 8259
5295 5565
1941 8670
7695 2610
5991 6729
3474 4440
5352 3066
4662 4080
2709 3819
3357 4269
8859 9477
4065 7473
1176 7002
9975 1401
8049 5178
6855 2754
72 8901
9444 7134
8061 4020
1557 3432
612 3927
9228 9990
522 7188
5871 1308
4974 1026
375 3462
2613 6861
1902 1107
2370 1212
8406 9774
3831 8595
2244 9852
7263 9759
1614 9456
8694 5976
8052 8724
5289 2205
9879 3921
7920 7521
3042 8556
5211 7920
6828 126
6474 6687
7587 1575
1689 6489
4722 0
7284 1308
9489 2544
9105 3372
4686 7173
6102 7983
8589 8151
9582 8895
2457 6711
1323 7536
1854 9387
5403 7164
6162 3540
5466 9435
4341 2415
7809 9918
7110 5679
7812 2982
6900 1668
1017 7614
3333 2073
8322 8682
879 5694
8298 5127
5535 5778
9108 4407
2448 1350
63 678
6093 9489
2874 4905
207 5301
5109 4623
2862 8988
8985 1977
8166 8061
7404 1359
3792 6909
201 2490
3867 4050
7530 5376
6300 1272
45 9561
4446 6615
1074 5007
9639 222
9888 963
471 9669
4158 7380
1233 7740
1338 852
1164 7152
5085 9756
3003 4884
4953 9048
5184 7254
4371 7380
7212 492
7512 2181
6954 7515
8418 7356
5295 3042
5874 5607
7818 423
5835 9816
4842 441
6972 7047
1098 2196
6978 8259
7047 5649
7950 7143
8865 8691
4161 5412
6432 8988
3039 4554
9651 4941
2349 6093
633 4725
4728 6462
3576 1002
8214 1941
4890 2067
6969 6345
4044 8166
2502 8937
2664 1122
4971 8556
306 21
5241 9585
1347 7572
7680 8019
1113 7176
6288 1638
5970 6432
4263 6870
4497 4593
7380 8925
9894 6486
9099 6777
5484 7626
2712 4293
459 7941
7893 5925
3546 9336
5457 8139
9168 6732
3786 5790
6501 9114
2652 4629
3324 7422
5676 1272
4098 2349
4266 6363
2655 9249
5346 579
3525 1935
1245 5709
8745 6033
8256 1146
900 3459
6975 3870
4590 3198
9885 5898
9417 4332
2607 1974
6423 132
750 5622
4917 8925
7683 1863
6996 5097
4692 5316
2106 4617
2262 5130
2778 3963
6609 9303
7989 105
3276 5637
7698 3339
8535 2493
7026 960
9381 8142
8364 396
6354 7737
5757 5532
9210 861
2406 6693
9648 4470
3051 7626
9909 7251
2355 6876
132 4539
8643 8334
4293 5553
1776 7428
9801 255
2745 645
2046 2859
3183 6240
7677 3522
1599 7014
948 9942
9303 9777
8592 4023
1911 3573
5481 4671
8487 5727
4074 1200
6723 5631
5598 5256
2910 7515
3216 4818
1914 609
330 8028
8310 3327
7983 717
780 8493
2067 5025
8283 9051
6549 984
5484 660
4074 5751
8898 9849
5997 7863
9333 2607
7308 2241
5085 6549
8142 9048
9219 9675
7707 2475
7020 1545
7455 7098
1932 3753
9633 4296
4425 7671
9261 8625
4347 5802
3966 6339
6612 9792
3441 8211
2562 7074
63 9498
9354 5820
3468 1632
8709 420
1644 3471
6594 7974
3714 8454
9657 2559
9435 3678
9906 9945
8946 5436
2031 618
2928 8979
912 3966
7911 7206
1137 6528
2625 4740
2928 348
4053 4887
2286 9246
1503 2421
7158 5922
5649 4389
7815 3711
8901 2697
4260 4170
9774 6234
5997 642
300 5775
6003 8004
714 1857
5556 5100
3183 1476
8334 8184
4191 54
9486 5952
9720 1689
4821 6048
6300 4965
6048 9588
57 8124
2394 3423
2460 9870
9012 3036
3573 5724
3474 7704
6165 5679
6786 4077
5466 7893
9627 1353
9594 3162
2181 6927
3588 3753
1356 3552
6321 5145
624 3108
1314 6066
5049 5511
3495 6945
2865 6549
4914 7272
681 7062
351 771
2334 9771
1887 6867
195 7842
1530 9747
6426 4794
5184 7806
519 7902
3060 6909
7857 3963
3693 2355
8820 75
1416 7632
8880 6276
2334 9663
4533 7701
1269 3906
9378 9936
3234 3009
3903 7305
1200 8007
5775 30
7050 5331
3930 5193
3522 7842
354 7956
8814 4875
9504 3861
2052 7698
3717 5085
2487 981
6864 1650
7446 2271
1368 9927
1101 7368
6720 9189
3087 6759
8796 3666
5220 6924
1113 7836
3978 2766
8601 687
7317 4197
3054 4596
9096 6264
996 1020
7809 3612
1833 9330
8277 5703
9381 6921
6024 8331
3663 6030
7548 6954
411 1269
4905 9693
5187 6639
4662 3519
3282 7092
6957 1302
5907 4713
1665 5208
1821 3735
2427 3279
9228 3831
6285 7032
6990 8016
1380 7146
6294 2799
3243 6696
5739 6189
6582 5454
6561 8778
9144 1329
9498 7977
1098 9648
2382 6138
1860 9180
4188 9126
5358 4548
9774 9309
8031 5889
8499 4974
7296 3225
966 8445
3972 6963
2916 3978
8031 6828
6243 1908
8703 7635
6585 7041
3882 7743
6519 6687
7875 3282
4320 9366
1371 4185
2172 8112
6936 6975
6843 102
5664 4860
7677 1725
5034 492
3036 7170
2184 1935
8097 8700
7302 7971
7593 4242
669 6249
5223 8766
1245 4167
9063 9459
9369 9273
6540 6867
3579 2844
318 6702
7362 6975
2484 4563
474 9393
8877 5778
5496 186
8553 2685
3639 7998
3867 8616
5163 5574
2592 9879
4452 4287
8127 2469
1986 5868
4710 2367
2760 5262
3369 4323
5043 3708
3186 7356
5079 921
435 2877
1971 6270
3858 6702
615 3747
4446 9087
5124 8019
6834 9276
8427 9756
8271 2598
2082 624
2550 729
8523 7020
8076 144
9552 9636
3798 7065
3264 9117
4284 5763
8415 7194
519 1191
4254 636
5883 4974
7836 576
117 888
2481 2706
7725 3189
5655 6315
8991 1059
252 2244
3552 4272
4980 4419
3426 7314
1869 5067
1413 7002
3240 4680
1707 804
9459 8748
414 6480
213 2289
8115 6528
8037 9318
6213 4512
9957 1296
4194 6075
9135 8772
1206 7059
4869 6924
5781 3771
7503 8337
2568 8838
567 6843
918 8349
135 9135
2286 3261
8724 5976
5859 429
9408 6837
9354 5325
2859 4062
513 9468
7371 8568
2490 3441
7599 1521
6000 7908
282 9720
4065 9879
6579 381
8664 2784
8025 7227
2442 633
4026 7938
7698 6603
7335 8766
5184 7995
5244 6060
516 4410
3171 513
1314 189
5961 9084
4824 3222
3036 2769
8700 3609
3399 2592
1965 6831
6717 8838
1065 4854
2448 5487
7545 1527
1416 6774
72 9213
5133 6579
3876 9468
1581 3054
4932 9972
9555 9879
2568 1509
7461 7656
1482 1062
6108 8622
2001 7548
2622 3960
1536 6960
144 9210
729 7914
7515 3462
183 1968
7557 9057
2082 9873
1299 4509
210 8517
1524 9057
6942 7212
5421 4659
7869 9063
5124 5604
8052 6003
8052 7989
2259 4029
2811 9201
5418 5556
8625 186
4017 3822
2241 2403
1647 5865
8577 7056
9477 402
1863 4968
2298 1890
2709 1461
6468 3249
5649 177
5277 4506
9864 555
2826 9630
5445 1875
3507 6810
4443 1836
561 5310
8430 9867
2427 435
4446 4470
1146 981
7386 5172
1374 7032
768 3021
6576 9504
5667 4260
2193 7071
3045 5853
6021 2277
1440 9951
1401 8976
6678 5472
5109 1902
6162 711
4152 5541
3576 12
3336 3972
4005 8268
1410 7749
3084 5148
8724 1467
9615 3624
6996 1287
6567 3096
1854 4464
4476 390
5988 945
114 258
1134 9507
4974 4050
5745 3927
6261 4221
9507 9396
9402 5667
7764 1509
3276 9411
3921 6180
3186 69
1635 5184
8925 6681
9474 1527
4107 4320
4272 4653
3090 5730
2004 6744
3549 5490
3621 9567
1023 3381
6828 2211
1467 2109
8832 1242
3372 7779
111 9651
267 8178
8481 7845
5991 7083
2187 1617
6432 669
6402 9
4038 177
2871 8436
6678 2802
8901 3183
6309 9351
6090 5520
4200 7005
4047 4548
5580 5943
1794 9162
7491 582
4695 4503
6873 1701
8700 3543
1398 2517
2301 2025
8952 8490
8835 2721
1797 8349
3645 2703
7860 6720
5847 2244
1008 9357
6336 1617
324 1491
8400 699
1536 7941
7572 2991
5748 4830
2145 5541
6102 4833
9957 9069
3561 9246
9765 1665
7416 4851
1167 2826
5148 6942
9900 7488
6828 8064
3198 1731
2592 6351
1026 6270
1179 5280
6528 2847
927 7725
6369 6732
1056 6378
8169 4041
519 1743
6747 5631
9942 5391
936 4512
6225 42
9795 5112
8496 5604
2886 2031
8094 4806
879 9081
4698 8934
1701 9189
5625 9324
2409 8229
1782 7542
3231 6351
7059 3543
1074 7455
4128 8259
855 8616
8907 8679
8952 3726
8976 6069
7329 4572
7002 1962
6834 5532
7179 4749
2871 1470
7869 2715
3921 3657
4986 5967
7806 6567
5466 942
4077 8334
8664 4383
477 4095
633 2622
3270 105
8499 3003
4032 1623
102 6369
5217 4752
7860 801
4575 7500
609 1218
4509 9132
6147 8106
9108 3498
8889 4851
186 5730
6060 984
7980 3054
5067 8376
2679 8187
3480 9633
6639 7521
9729 3552
9753 1923
1611 1149
7008 5109
7044 2322
8871 4164
9693 4767
5643 8199
6288 3507
2655 3750
8424 6858
3024 5310
1302 2730
3951 7161
312 6192
4524 6528
9150 3966
1452 9090
2703 3417
7620 7743
5703 9354
8619 9699
7800 8613
8607 6198
9954 2973
483 6195
8136 3543
5793 387
6513 9573
954 3336
5121 6639
2745 1320
5385 2484
5718 7797
2475 678
4119 3567
8688 1962
7662 8211
9813 2337
6843 9111
1719 5475
3519 5265
7680 8265
8592 5637
9567 8697
7383 9735
3462 3684
5550 9768
8544 7323
8826 8433
4098 8769
309 4335
2799 9261
9084 4527
4533 8697
6780 4746
453 5511
2955 1143
3660 141
1983 4659
1881 6597
1182 180
8286 4668
1749 7875
7734 9561
6834 1131
9348 2250
354 4872
8484 2145
8346 8856
1425 840
8898 7383
6918 78
5505 7113
5541 6807
6000 9078
4272 9393
8997 6867
4962 714
5832 45
2487 3495
6690 8478
9768 7653
6492 4521
3297 8733
5289 8922
7395 8001
5532 4479
6966 9810
7713 174
3774 7086
6174 9315
8361 1149
1215 2814
7350 9921
3825 5856
5958 5001
9936 8139
1113 6738
8274 3624
1143 6846
1305 2478
5658 2790
3192 924
939 8019
9375 4581
5208 1278
9411 8439
552 5358
6687 5820
4746 9060
6993 3123
1905 9303
7896 1170
2757 1935
4695 9243
4920 9627
3729 267
3474 8379
726 6864
318 1377
1455 2772
966 6516
2826 6357
6105 1092
2694 7635
4671 4806
6126 4827
462 1506
6993 8613
5637 8571
3846 3942
1917 3513
6729 6288
8790 8334
9927 5565
4320 792
3492 1872
324 9156
8634 6774
7071 8388
3066 717
8685 3558
5658 9798
9786 3081
5469 2463
2781 8169
1134 744
3981 9849
2940 1746
3948 9672
6099 3798
7398 3306
9768 4875
8670 4374
2949 6669
645 2916
7152 8205
3279 4329
2004 1014
8031 2697
6825 411
1788 8034
3882 3612
2550 1941
7800 9594
2067 252
8505 9117
3828 3726
6039 3087
8088 5796
600 5775
7830 3057
4194 5769
3387 4020
1551 4536
7110 6114
9462 2445
231 5154
7602 6576
6144 9933
5604 4098
6297 8751
7887 558
6927 516
3723 936
5037 8151
9873 8580
8856 8004
5592 4209
9990 7704
2727 4095
1344 981
4926 4119
4728 3609
5406 2541
3912 9210
7326 3150
3162 3528
7812 7968
9321 2856
2499 9600
495 1938
4140 8808
648 8532
5763 6198
3624 8928
1716 5175
8514 2763
7263 5430
2967 27
7311 9150
3825 6474
3942 3087
3381 4740
9360 1242
7608 6633
249 7251
8463 2946
1314 930
8715 7368
5553 1140
2232 975
7134 297
6786 7464
4575 6642
6987 3024
9726 8166
4158 8754
2508 4293
4554 3321
7884 6918
3450 9687
1146 3453
2295 2199
729 8763
6216 8250
8742 2253
3711 831
5937 7374
6015 612
2184 8784
7272 123
2220 5997
885 2631
6846 9585
7878 9732
5691 5103
6009 7893
4326 8688
2394 9267
6186 615
9933 7533
2154 4596
5490 8496
1617 3159
4962 3681
7284 3516
9288 5028
8001 2376
3921 9807
5349 9954
4200 2577
2037 2964
4497 7230
6042 7962
5598 6228
5085 984
2538 4185
1311 1059
6324 8025
147 9552
21 8955
2877 7263
6039 6846
2013 513
6972 369
6636 420
567 9357
4686 5301
3048 8313
8793 1908
6924 8700
6594 2409
9846 2703
498 4827
2031 72
933 2769
1590 7011
3675 3981
1686 7473
7809 462
159 150
8202 9024
2724 8337
8148 5526
3882 9828
1857 7476
7710 5034
5604 5763
2901 4479
1614 3288
6933 912
3348 1677
7794 948
9810 9933
9927 6546
51 3855
3351 3897
6021 3018
5475 8214
2226 2970
3444 3078
7254 8295
375 9321
2316 4620
4776 8361
6426 7389
7560 3117
5466 5361
3738 4464
2817 3330
6657 7029
270 4545
3990 2958
2844 1743
7743 2457
9 1737
2445 4626
564 3945
9186 3141
1806 9069
765 5655
1788 7968
9837 1152
6282 591
5280 552
3063 6072
6189 3783
2001 1323
3117 1878
9405 5817
3546 1503
8100 1539
801 222
4932 1653
3249 9618
7824 5805
2277 1083
9243 6132
2388 8535
7827 1380
1797 5586
6750 1167
5757 948
4167 1971
7692 4575
9063 3168
3765 4371
2160 2376
8448 6315
1197 3726
6264 5367
534 5139
2247 4452
270 828
3729 8511
5295 486
8244 1008
2604 1491
3741 7353
2550 5163
9432 4620
810 3438
5058 987
9600 3
5181 7968
3786 1353
6036 8253
6051 7824
4737 114
7827 4776
8217 9132
7629 102
1362 9549
4128 6651
771 8061
1182 9618
3054 6507
2457 4302
8550 9951
8841 72
7941 2259
8973 9825
6105 2583
93 1437
5652 1029
111 6675
6357 552
6408 2769
5325 8484
8766 7482
9477 138
3 1665
7296 9324
8922 5514
7824 3027
9126 8727
2820 6168
5067 231
777 6657
2391 807
6708 3411
6309 5328
9258 7836
2055 6981
5931 6873
9525 2178
9234 1965
9915 4578
9345 261
8043 4656
5262 8148
5112 4188
2973 273
6066 6630
8769 7914
2016 3912
7428 8409
9807 672
6276 2949
3306 7737
8244 4767
4431 8112
2091 6651
6456 1833
3885 1671
4107 2538
999 5406
5154 3222
3177 6051
5964 324
5019 9450
3414 7455
5694 234
2688 1164
6435 8082
5616 5010
7431 3351
276 1032
2805 7347
909 5634
3237 1608
3357 3888
5952 1926
3849 2364
5802 3150
1968 9819
4509 6840
171 2901
732 9384
3624 7386
657 579
3726 8565
9507 9024
1365 6264
5742 8919
8598 7227
8211 4566
2070 5787
7221 3864
2868 5538
4014 6753
999 9849
1326 1842
3996 963
2451 4203
5481 1644
8748 4956
1353 3702
2946 6360
1728 1593
7617 9462
9171 1383
6189 684
1032 9474
5664 8181
6672 9957
531 4533
4065 5937
2346 888
9696 7620
723 8904
8271 4509
7350 5856
2601 7530
4635 3057
2553 4335
2499 9468
675 2676
9441 7515
3495 1098
3156 8691
264 72
9498 7002
4419 399
2748 531
2859 8175
2811 2802
3528 7287
4875 4062
138 7059
6726 9267
5826 7290
8106 1530
4740 8304
1770 6447
675 8166
7260 1509
5619 7899
7062 9603
4098 879
870 942
8253 681
3399 1107
9585 4503
717 6069
120 1878
8667 900
5070 3348
2709 5211
9927 453
3285 6081
7851 5454
4680 8037
7689 8802
2238 9009
4860 6921
8118 8427
267 2463
4251 8799
69 9537
9243 5274
6846 3279
6555 7533
7677 3207
4167 174
4029 6885
7962 6345
123 1371
1026 4851
8631 3471
2517 5283
3300 1491
144 5631
5340 7386
7449 1515
8994 261
1311 4431
3429 3564
7395 6648
1089 6075
609 483
567 9117
1293 3330
4662 2223
3882 9696
6306 9579
6618 2526
2640 2091
327 9135
1512 7575
201 4566
2355 2373
954 4803
5250 8745
1695 2034
3369 6852
8763 4650
573 681
6204 3825
9507 9534
5553 6753
909 8709
966 9243
9897 1812
9654 8241
4005 7938
7071 4578
156 4944
2604 3198
8514 6282
1539 1413
6858 498
9387 2649
165 1731
5466 570
3210 4176
5739 3846
8421 8454
8151 228
21 1494
9465 7443
3603 8079
6261 7863
2541 7989
2205 8040
39 5712
150 561
9921 9645
1122 6615
2505 3084
9003 8028
6627 723
4911 9972
2301 8916
5112 5532
4176 7833
7125 1902
8343 2505
2952 4941
1677 5790
3960 4236
6174 9264
7506 318
2373 5493
8235 693
1518 549
3789 2139
5343 705
855 8607
54 4128
3099 4587
114 6357
9390 3081
9987 3825
2922 8862
5475 7398
6327 5463
9615 7629
5907 639
5583 6177
4530 1248
4089 3195
5856 2808
9954 9246
993 7386
4023 6813
1308 42
7359 96
63 9438
8172 4851
4149 9369
5025 4344
9417 8031
9150 3486
9519 7224
7752 966
114 4155
8535 7239
7785 6741
1422 450
7065 7620
4620 2430
318 6816
2133 3696
2301 9171
8934 6426
9156 648
7806 9954
1593 7623
4476 5805
7296 5688
8136 969
9402 7470
7791 7845
1314 5175
321 6417
4836 900
3657 3672
2454 6087
2694 8994
6879 825
1665 9081
6591 6774
6708 5373
6825 3972
6954 6597
3903 3849
7005 4842
2724 6621
9699 873
9477 1992
6660 3612
9069 2463
3666 1398
2145 3009
9087 7701
7647 8217
6057 7254
5799 4515
702 753
3267 2295
9156 72
9387 9804
3009 9126
435 8481
7761 9672
6954 1470
3717 6180
9204 2220
3786 1584
5766 258
2961 5379
3690 5259
2100 2835
7962 2199
558 9756
1791 8910
1359 2571
3903 3273
7440 8166
5022 864
1761 2736
6060 75
1686 5073
4296 4143
6366 1542
9282 1887
6393 1416
5532 7503
3780 8427
294 7737
4002 663
4134 2280
9183 2295
9588 7713
1023 420
7647 6486
486 444
3063 1323
8262 8745
342 8838
7176 8298
3516 9936
2475 8508
7308 5256
9765 8019
5907 7686
2970 2034
1557 6891
2271 4248
1290 7530
2073 3738
2568 5703
906 1188
4734 3564
2700 3378
1989 6255
1536 537
2625 1218
3609 156
723 1188
2589 6930
8991 7965
8112 183
5214 8523
4044 498
1344 717
5142 3924
933 9255
4563 8418
9969 9717
2025 822
1347 5862
6723 9948
6960 9366
8172 1752
4848 1878
1917 8055
5940 6240
1083 3951
3639 8154
2832 2958
2529 9336
2646 9921
8790 6231
4809 5562
3945 5982
894 4695
2391 2232
450 5472
5541 6945
5646 5241
9354 3600
2070 1359
9108 9960
3243 462
5691 9858
9567 8259
768 7215
5511 5955
243 2634
5310 3750
3675 4293
4974 5787
9831 6090
1629 5265
9261 7923
6360 5937
999 2388
5859 2208
8562 1011
8991 7281
5598 8997
3993 1569
804 8979
7884 7485
5007 1884
5127 717
7413 9297
2277 9771
6666 5310
7695 5748
6702 5529
291 2688
1302 8145
8625 2649
8976 2169
4416 7980
1095 7815
6981 5358
4674 9672
6324 8700
2748 9285
2490 8724
9099 3444
3357 6360
2364 4155
2004 1368
2076 4920
9132 9219
756 4077
6324 1008
7485 7227
1590 7686
6258 2640
5595 6726
2736 270
9771 1218
5058 8736
6636 48
6921 8811
9915 6366
5130 2196
2067 4578
8247 6732
5418 1845
4812 5004
1842 5628
1002 7866
7773 2382
5391 5391
1377 4545
4983 6054
8316 1089
6129 5091
6246 1704
2121 5457
5442 2175
2343 8310
120 3987
9132 4092
2832 72
3534 1539
6228 1017
4875 8628
6081 7908
1506 1104
354 3750
5442 81
9954 8751
1248 5949
2655 789
9621 5838
7620 3843
7620 5829
2265 5478
384 6783
9018 849
3630 7491
2418 7908
5952 2667
9759 5664
6234 1599
5229 6510
8481 4818
5202 5064
2418 6861
1083 2475
324 4638
4464 2856
6348 1068
6372 1425
4173 6090
2232 7758
1425 2067
9024 7029
9882 378
120 9840
1806 5556
7296 1113
6300 3363
7107 948
8337 585
5571 9081
2409 867
126 1926
9456 6807
5817 1674
3150 8220
3993 9663
6009 6045
372 612
5661 114
4434 4158
123 810
9546 7905
2004 9570
5118 5958
5613 7923
744 4311
873 786
1461 9816
8772 6003
4701 6609
4071 4227
5934 3777
6438 9726
7950 8295
1548 3813
3432 2025
5727 3972
6009 2904
5505 3105
2898 105
5685 5961
9465 453
4764 7308
573 9798
6051 8499
3654 8490
7587 9411
5682 5892
6582 5691
8280 3447
5040 9
7194 8433
8109 9981
8334 7884
5976 9264
4524 4293
6255 2034
7077 6801
1707 5913
3216 2787
7761 9648
705 5874
9504 2259
438 3315
9753 5178
3036 870
4032 6756
4560 2940
5331 2817
4734 612
1809 447
9978 3081
3498 2850
9255 1932
5184 7722
531 9141
6264 6405
8301 5613
9906 2424
1986 6681
7731 5460
9501 4590
4434 3474
7158 7032
2991 7893
4293 4932
1791 9825
7245 7674
1092 9558
6861 6516
5082 1416
3201 3687
9825 5589
5472 7263
1176 6933
3222 7947
8025 4752
4188 9726
5556 3177
2808 8832
8883 4554
1689 9669
2478 9600
924 9048
9981 2022
1542 1284
6753 6057
7173 2442
2469 1149
1476 930
4404 4776
1737 5172
8007 2604
6360 3093
765 5793
9975 1224
147 6912
7785 5709
2058 1551
354 5670
4074 4083
3702 6426
3342 5625
1425 7236
3954 231
4449 6360
276 9399
9516 6015
1422 3969
54 426
2640 7275
7452 7347
1017 6135
7863 6918
2985 9939
8952 9585
1887 4005
600 2814
252 5514
6735 3276
2949 9198
213 5559
9984 3501
7599 8979
9207 9996
4806 339
1005 9171
5253 3768
4047 4488
5688 5157
9642 7938
7320 6531
1890 7578
7062 2331
5148 453
5616 2544
3003 3405
7170 8694
1926 3744
1413 5145
7725 285
8256 4647
186 9603
7428 1755
7914 8559
6018 6846
3255 327
4602 1569
6672 954
8583 8388
8340 8667
8937 4227
342 438
7845 9627
7614 7479
9558 3756
711 8148
4389 9045
9639 3186
8835 5118
2613 9612
6594 5622
4725 5961
4959 1698
3528 6915
7329 69
756 1596
6969 5913
6915 9060
9 615
2982 1494
2799 60
3237 8136
8529 9333
9159 3084
4200 7200
9690 6921
8031 9093
27 5772
1587 6075
1434 612
549 6342
8646 8871
4593 6084
5622 8700
8115 2001
381 3267
1848 6789
3534 3030
4881 2286
6954 5352
5832 4494
7542 3573
8502 2154
1917 1641
6492 8970
6246 9732
8037 5730
7089 9189
1731 7143
4236 5931
5487 5250
1335 7143
6414 5115
459 5523
6027 4440
6885 8901
3774 7563
5856 1818
405 4011
8106 4554
7134 5175
6681 6627
6426 9555
2904 5199
7797 537
930 1617
7872 4323
4278 3834
9609 9426
6180 5298
2484 5781
8721 8469
3951 9303
2172 6189
7893 3399
1227 6684
93 6489
2889 4554
6180 6237
6861 5403
7188 5532
8850 2877
2778 4686
3576 4437
9534 1560
1452 1554
7551 8967
6147 5013
2988 9636
4944 9414
8487 3993
6384 6417
8574 9102
7959 7257
7530 7080
5319 8244
1155 8622
7050 2979
1380 6525
2379 7956
2004 6618
7830 2124
9759 9612
9735 624
3276 5205
7311 2727
6954 5607
90 6204
7851 5337
15 6030
8628 8412
4182 7872
999 4968
6255 4788
885 5886
7302 7458
1005 1521
2646 9360
3279 147
6 5163
603 3921
3999 9333
7254 7683
9159 6735
1905 2451
9351 9120
8718 3057
2562 6858
1347 7758
1626 1989
8745 1884
8373 2241
1050 72
2772 4638
8403 1854
5754 8949
318 9693
3567 1839
3804 5724
7983 3897
8781 1662
4896 3441
8688 5406
3942 4611
6552 5667
7410 9633
879 6498
9870 3282
1320 7638
6303 7851
7563 3432
507 3822
3327 258
1584 4974
9018 9603
7158 7584
1083 4692
1200 1830
2925 1446
2427 3384
3342 1734
9960 9978
9990 3993
9828 3177
8250 4254
4017 597
3987 4101
3498 1200
9597 2463
8394 8850
2580 8214
7983 648
2814 1965
8877 7506
7059 1431
624 219
1428 8352
4305 5322
306 3027
4803 8982
6723 435
8853 5055
1797 7431
4290 732
5439 3450
2340 6138
4920 4548
8586 1449
363 3948
1827 7953
7680 5319
3840 159
8631 4080
2253 1416
3810 2202
5757 9330
8478 8682
4194 2313
6912 4629
4254 2364
8220 3462
1692 36
5121 6150
312 3609
7479 2232
4593 9414
7905 5787
4461 4239
5853 528
5001 1251
1071 5997
9006 2277
3612 3018
7593 9837
8916 1566
951 8790
4776 4287
306 5376
7902 4176
8025 4512
7521 2535
3921 4941
7758 1953
5049 7536
813 7809
9927 1317
4824 507
2280 9870
2163 2115
6084 4719
6756 867
6642 5949
6024 9054
114 6495
570 1113
3102 4959
6963 2328
6087 2694
9906 561
1473 8205
2256 6399
4029 7749
1185 339
1665 5931
9273 8232
8199 4641
9222 8940
6297 4611
5514 5397
9924 6243
2886 9168
3423 2691
3648 7239
9498 1116
5055 2079
4494 1554
5184 4704
8718 1944
9306 6315
5448 3996
9543 5733
4668 2838
5697 270
5142 3660
336 8772
7182 2385
1227 4779
9534 702
5139 7563
3384 2820
2052 8568
2217 270
255 4848
1950 4356
2232 9438
9486 5091
6585 7764
8412 8145
7452 2919
5655 9816
3951 7290
2160 4839
4830 1974
2712 1380
162 375
5466 6093
4740 5235
3165 3348
2688 8607
7917 3894
2103 3258
7278 8337
2349 510
7716 3315
2346 7860
6 6399
5565 2544
9648 4227
6222 6786
4248 6843
4764 3498
3033 6282
3069 5976
1047 5319
9177 4578
7413 6468
396 8247
7122 5730
6807 2457
846 9651
8076 4947
894 4215
1164 1824
5214 8514
2079 5358
4629 3165
1263 7953
6375 4641
5817 3825
7800 8166
1293 3402
114 6174
8364 3549
5439 3384
5463 1755
3018 3018
9840 2424
6015 9438
6096 2193
4464 8403
6945 8820
744 7509
7998 3162
87 6687
7188 9480
2172 9090
3948 4056
3963 7074
9588 375
8586 6981
429 3189
291 7914
6771 6159
3264 6807
5688 6690
9396 1602
4134 8124
867 6798
1290 1239
7887 69
3138 1743
8394 3549
1176 1137
7065 7545
3768 9723
2292 231
2775 9504
8007 8472
8463 6537
837 2610
78 4773
7803 7659
2043 2415
8565 3552
7023 6501
7830 4086
5466 2268
2181 9933
3891 9012
450 3369
8136 894
9579 6045
8775 2049
2904 2865
4872 6669
2673 5184
3027 9846
3894 6987
819 3882
1218 5577
3747 9906
378 4368
5133 7878
5496 7701
372 4065
6690 1494
840 4170
597 8613
2148 1017
5442 7401
3939 987
7233 726
9624 6582
4521 1608
105 9090
2313 303
5991 8811
1065 7671
2610 8403
6180 9501
6129 2625
9666 1560
5397 195
9345 4134
6909 750
6339 5064
8715 3738
8304 720
4947 669
2340 1308
4614 6387
9774 8448
2052 4059
6723 7161
4959 9768
9903 9501
5052 8949
930 693
255 1278
2154 8658
3753 7869
7509 5976
5370 8706
618 8685
6201 6648
7242 8106
2808 8889
2706 4152
1266 6654
8430 3582
1338 114
7074 5526
5073 1545
5802 8070
9336 5310
270 1707
8817 5913
1773 7626
207 7020
1038 4962
3369 4617
363 7533
1521 3618
4974 1953
2226 7608
8976 3462
4485 5697
4404 3786
6675 4329
5670 9240
9240 3693
447 9045
9435 9759
5313 3489
7377 5769
5202 8088
8607 1242
8772 9711
1065 4893
5184 6987
681 7182
4179 4728
999 2058
1800 7971
1917 8556
8877 1776
8412 5877
5817 7839
3315 2115
2547 7905
9741 7479
7917 7332
6933 3927
3726 666
8817 678
6423 6831
9978 4911
3534 5865
5421 8778
8379 2667
2232 7749
6411 6447
7359 4974
9408 1533
2646 4356
8874 8244
3549 7836
5643 5592
6117 5448
1926 2754
4035 2067
9666 5211
9234 9489
1224 6885
1902 9981
5229 1266
6660 3108
9585 9423
8604 6060
7779 9330
606 8943
726 606
7482 8814
9762 3579
1923 2577
6069 2559
5169 582
258 6624
3087 3846
3615 30
8205 8391
7419 5496
9957 3000
7524 7764
2988 3840
5577 8220
3654 9528
3021 459
6384 8205
6468 3180
6939 6966
4728 7605
7701 2334
5148 1812
3447 8151
9318 690
1785 4161
864 5508
7872 3909
5886 7110
1356 786
7293 5922
5385 708
1248 7605
5565 1578
7956 1284
258 2436
9936 6108
7176 4290
4275 318
7224 840
2010 6615
3828 4473
4134 3762
7671 1236
5871 3432
2745 1062
6012 4374
3078 6870
8637 4506
4500 2772
2481 5604
1626 2838
318 7977
8121 2640
8508 834
7917 8997
1563 4704
5376 3345
5781 6777
6354 3966
4485 8772
1572 5463
5904 9099
2955 1932
2727 9393
1074 231
5103 6081
2517 5907
3222 4905
3900 2376
9453 5829
3918 4608
4083 6927
5418 1662
8733 8886
6162 9744
4617 3828
3903 3024
8616 3642
1674 9015
9960 6276
4392 6864
1248 7860
1032 8730
9141 4143
9222 1587
8640 2400
1326 51
1821 8661
66 5904
8727 5028
8529 4518
6375 66
1968 4887
6567 4437
5391 6726
1734 8103
6360 7527
5799 549
9687 2976
8763 8778
972 6999
6681 5892
7584 7386
1449 279
4035 7128
2178 159
147 8313
4782 912
8097 8136
2082 3309
9327 7773
7497 6828
2769 1014
3915 2229
3447 2124
1392 1815
6027 5223
153 2358
321 7833
8361 8367
7590 4023
5532 8664
7734 9666
1707 8508
6966 3378
54 9411
7296 3024
825 2118
2733 7857
885 9339
6900 2529
7287 1743
6822 7305
9303 4275
6111 3537
2076 1851
2895 456
8559 330
6810 2757
8223 1320
3789 6267
3942 4560
6129 1083
3756 8076
669 7095
6498 132
4488 7473
2652 3825
2994 4986
6234 1779
5022 4374
6603 7503
2850 8913
1212 9939
8337 6939
4383 4158
9564 2895
3939 2949
6915 9990
9081 9837
6633 4413
2613 8448
1056 6201
7959 348
837 9015
5427 2100
4803 8100
3246 4833
3753 6327
7233 6192
9549 6801
4260 654
6780 6624
1794 249
4215 1140
3120 8787
6618 6333
1176 5340
573 3549
7407 6264
9456 8973
8109 120
5889 939
3261 3249
9102 7923
6732 5802
3417 1281
3315 3714
903 4134
2433 7941
3438 5016
9420 7680
2712 711
6387 2091
2670 7359
5163 3171
5166 702
8583 5493
6303 2097
4854 7260
6282 7407
624 9270
2613 9750
8826 3450
2274 1653
4623 1887
8979 3894
3213 5958
2469 8658
9363 5991
867 747
8490 8052
8259 9876
4971 3243
5115 6900
471 1686
7188 1335
5382 9873
1824 5631
258 1578
762 3555
5559 4581
2670 2124
7284 4197
4176 9546
7602 3540
2958 312
4800 3711
3150 6669
486 2115
1179 6768
7557 9432
4788 9255
4887 6753
7380 579
8481 4569
1947 6990
3306 5088
1248 2559
9942 1860
6849 7746
6348 9450
2895 498
861 6957
747 7875
6456 4782
2184 1197
8622 6090
7113 2571
5736 9825
378 3807
63 534
9906 6000
1470 5991
7998 2964
7272 2106
7299 7164
9324 885
6687 9000
252 9774
9330 1602
5745 5565
387 4980
4143 1101
6120 258
9255 3414
5319 4410
8325 5466
7416 3669
5301 6756
1032 5886
8778 5448
9270 3924
426 5847
8322 738
4605 6006
9567 1407
5694 6687
5193 8391
3870 1881
3567 6273
6006 5232
8361 3066
9978 8067
4446 4377
7911 3732
8802 1725
3036 2823
8280 7278
5088 4554
4713 1230
7842 636
5730 9885
9264 4644
6273 8592
3591 5970
6831 777
8436 6744
2694 7674
1863 8271
8496 2328
4566 7074
1116 6270
4878 7575
3195 4923
141 8091
1173 8238
321 4989
6126 5805
519 5004
978 3303
4626 9690
180 8958
1152 3870
4605 6369
1974 8637
8187 9507
3624 1020
6741 3075
2286 7182
4287 546
3414 6579
8775 4200
1440 1011
9954 9012
3708 7965
1065 3285
9912 7029
3699 4698
1371 93
2499 6135
1311 6909
1509 2952
4905 4917
3681 4011
2013 6363
7338 9723
4017 7380
5412 7350
4392 2073
8232 7950
4932 3744
3693 8451
7746 6027
7980 1764
9069 2445
636 933
7155 1092
255 4476
6831 8616
4821 4815
9375 9318
8847 531
6582 9309
8829 8061
4290 8562
3813 9657
1428 6504
8160 5199
1245 7551
5985 1590
3990 9963
8496 4101
6261 8355
5703 4092
6129 8172
8391 9942
5208 888
4929 5637
4113 4068
3891 1740
4584 7854
9720 2913
1977 9018
4128 3144
399 2925
4542 6396
2262 4986
1668 8448
1824 6975
8232 7266
1542 6996
8868 8187
3126 7656
9024 6714
9189 4566
498 6960
2841 7443
9639 3045
5004 1623
3291 8403
6249 6264
3864 7770
7011 8802
7983 5700
9282 1761
6804 5025
2148 8913
8553 9465
6435 6885
1485 4368
2901 3000
1875 618
7668 3558
7905 7443
6909 7707
7473 9735
6291 8826
9156 2295
1284 9747
7836 927
3744 1410
5922 4041
5199 3417
1176 765
1527 285
4413 6120
6825 21
4185 5475
8547 1140
1158 9234
6576 2700
7578 1692
8070 168
2163 7743
3858 1818
7596 8916
4833 4383
9339 1719
3699 3222
5982 3654
8289 4938
8934 5871
909 8880
1506 2454
6921 375
2445 7806
9747 6654
8145 4893
2949 5124
4320 4737
7257 1758
1608 1455
3528 3525
3474 5211
1953 6822
2595 6060
8853 4872
4899 2091
312 6567
8109 9558
7680 2211
5052 8685
9027 972
5838 2949
4926 1635
1245 5136
8754 813
111 6927
2604 228
9684 9351
1563 5445
8820 2601
7641 5373
7266 2049
8649 7149
8265 7452
8748 6108
2184 2796
2898 153
6045 165
3918 6396
4368 9342
2523 3393
687 1731
2433 4668
831 9360
5655 2841
5529 5883
1527 7077
279 5814
7968 4842
2703 3216
5187 1689
7599 4221
3216 8433
3456 4887
5751 4656
2547 3090
8997 5364
5721 1515
6216 5658
6546 8502
5598 6777
3846 8721
1587 3987
4080 6444
2043 4755
3849 5757
5979 3207
7083 8892
7539 7674
1008 4539
2649 7194
8304 7248
9135 5190
9099 1332
9573 168
7296 6906
5223 1359
7521 2823
4887 915
6615 5232
2307 1953
765 4902
7413 4983
3963 6165
7302 5115
1185 6693
4086 4020
1923 4407
1140 3015
2874 6615
1974 4638
1377 2433
6432 2751
888 6177
8517 5154
2223 6096
516 8520
2940 8403
2529 7371
8589 75
1725 7317
7575 5166
4617 4824
9066 5598
8430 7077
6147 0
8979 1923
7134 4605
1542 4836
45 654
3642 8796
9414 4968
9192 1923
6243 3387
7989 6324
1776 8157
7998 3663
6153 8826
6165 3696
624 2172
7998 9261
2079 9363
4353 9975
8028 4185
6528 2472
6486 4956
2868 663
51 9894
1854 3768
4398 6456
4443 1503
7875 9312
2832 4389
8997 3525
4743 4653
144 5628
6852 5952
6318 7479
3675 2799
4647 1683
8781 6795
8904 4650
7539 4788
4347 6531
7260 5373
9114 5628
1065 1635
5421 5628
3474 6084
8997 5982
3066 8208
9192 9870
2499 8097
3447 6624
1587 2619
1524 1287
7563 4485
7140 1413
1587 1572
207 153
2337 4773
4419 1014
8004 3144
5808 9312
2262 8571
1806 1350
9132 1080
6804 5106
2136 1521
9462 726
6588 7437
8472 4188
8718 3426
63 6039
9669 5634
9552 7035
3459 4998
3003 2769
7206 3285
3954 6963
4074 7782
4977 7290
1350 5163
5073 1107
7101 7140
1911 9108
4734 594
3273 270
9477 4767
3291 8955
6528 6231
1851 840
6390 4311
3420 2949
7395 7479
4479 2475
6255 7506
1248 4455
6285 9600
9690 3720
462 9144
3294 9081
7131 8079
3264 7926
4836 5085
4473 78
321 3957
6891 9006
9288 2370
351 6051
5547 5325
1068 444
5892 4542
5706 9519
675 8097
6876 6927
8238 6720
4332 1206
8010 4089
4677 2409
9417 2901
7566 5280
8622 5784
819 9660
2655 2691
5568 5505
8775 8766
3372 1056
438 5538
6663 2739
5388 1602
4839 4578
3741 2091
5361 6609
2592 6957
9075 4719
7110 5121
6315 2406
1875 8070
3858 3780
8514 3864
9498 4263
6216 9459
4014 1812
9141 2979
2280 3810
2268 2295
6285 4836
6108 2988
6438 648
267 5898
7968 6441
8400 1668
8298 6087
6330 822
7950 6801
5391 2529
7497 5772
6480 7182
5580 2724
3756 4563
3213 4284
6246 8412
9579 3447
4071 7284
5862 609
5550 9648
6006 8430
4581 7800
2322 1080
9531 5850
2922 5505
8226 6039
8730 1371
5211 9135
1032 345
4614 4944
3819 2229
1677 3264
6861 1518
5529 5280
546 2586
15 4347
9048 3114
3105 2364
5175 1749
417 6084
90 1488
7686 288
7779 2502
2049 7458
7725 5649
9036 9183
168 4296
6825 1191
3507 9699
5847 543
4032 3168
4728 9516
4272 7287
1404 7656
1920 2325
9807 6027
5412 8199
753 3939
5133 153
9126 3828
6120 6744
1581 5259
9939 4611
4686 4308
5469 1041
3285 93
6096 5340
1953 408
657 8028
2988 8208
39 516
4392 828
4803 399
6594 369
3099 4518
8700 3612
3390 789
7452 8994
423 7797
9525 1251
2892 2727
9120 1431
6597 9648
1014 3054
2715 8958
6147 1491
8610 7452
3015 5988
3723 7206
5667 4008
9930 9234
5892 8556
5799 1158
5487 8736
8364 522
5904 393
3810 2142
3813 1659
2433 240
1758 825
8943 9210
6327 5865
4995 8166
3261 99
726 8262
4614 8703
5490 3678
1515 2760
8034 6366
5145 3909
3603 213
8145 7365
6987 663
8673 5535
9762 6216
2700 8289
6444 909
162 168
6726 5991
6930 7218
3126 1752
498 7701
804 8976
711 6762
7299 6792
8328 4224
9219 231
3732 744
8931 6180
6417 9033
9471 9837
8322 474
9972 2949
5049 7476
7236 1488
6876 9318
8796 7941
7605 3048
8880 1704
1557 2016
9468 2103
4716 2082
636 7527
3372 7527
3666 1329
1878 7026
4068 2541
8049 9360
675 2796
6333 6531
624 2979
4227 807
9027 9981
8886 2394
4422 8667
5217 6915
8988 3573
1224 8838
9234 4797
8583 7725
5472 6387
2991 5970
6921 1224
4302 348
2796 4977
7959 6555
6165 2409
7140 5469
4530 966
5499 4800
9576 9378
1518 9729
6153 4506
8601 2760
4656 324
4239 7620
8055 7956
1422 6234
3096 5619
8244 15
7041 2430
5622 1608
5640 8307
3885 5550
2484 1830
597 351
5877 8664
8502 9291
2523 8322
4605 7044
9891 879
2721 201
8337 2313
4944 6510
7368 2451
60 3300
4473 1677
240 8829
3315 6309
4734 8622
6465 2391
4314 3081
513 8466
771 4035
7323 4371
1041 5616
9816 1644
2259 4758
7671 624
3165 6900
132 1311
9333 5553
3480 3528
4710 4185
8913 4701
7608 6876
8979 6489
9672 525
9006 3882
3180 6915
5979 8136
6399 3060
1815 8514
8400 1857
7080 3687
6798 2577
7893 6456
2007 4254
9951 2340
1917 3543
9384 8874
9393 6213
3801 4458
6249 6684
4611 3546
9924 1419
8253 5715
9006 8433
2103 5655
5091 9552
6255 729
3042 9960
8940 387
2040 1290
8451 3084
4620 3342
531 8775
4404 7659
6651 261
3729 3585
6081 6066
6972 9243
3768 9663
9993 2700
5643 8055
3498 7035
1602 138
3432 36
5163 1941
1785 1242
3261 6570
9729 1314
5157 1638
2022 2646
3639 4944
2175 939
8250 1350
9750 5049
8475 3912
7662 4563
2481 5826
4596 258
6165 6531
666 5004
7335 1953
4059 5274
6765 8253
8883 216
1629 3102
1320 3579
1920 4971
222 762
6543 8325
3561 981
1176 2487
3012 4674
4275 324
9699 8322
453 3849
1896 5028
4845 8253
5886 3036
3771 1959
6801 1386
477 3159
2445 4977
210 3798
7797 5259
2568 5313
9822 966
393 6171
7032 6624
4563 4524
5337 3918
6009 1278
1287 8976
1722 2259
1338 9732
9048 1464
7224 3303
2652 8811
6861 5466
8232 612
5403 192
9372 1524
8307 1200
327 1242
2871 8589
990 3249
5253 9000
8388 1539
1863 8772
6246 1527
3 9345
6072 2394
1608 6681
8619 6777
708 2223
9462 1575
5766 1533
2385 1125
3750 6585
2463 3933
6573 6702
9249 1467
3939 2808
549 2580
48 3237
4812 9270
1488 240
4509 867
8958 1116
6282 5856
7956 3063
7827 3141
8037 1968
7713 9492
2820 2076
8754 4992
7563 8730
9189 6906
9321 8523
969 2277
6354 6900
5220 2541
4542 5595
4941 7290
7272 8931
1419 2742
3516 8646
9801 2451
7767 8910
4959 5883
9219 783
7245 1860
9879 5259
2217 6105
8253 4602
2193 7734
9330 1782
6339 5730
933 9120
4785 7164
9639 5277
4932 7857
8853 3816
2838 975
3348 6150
8517 1386
2937 5118
6321 3582
8187 9324
5484 4842
1836 8520
36 8730
1638 6549
7866 1281
108 2190
2895 6060
7599 708
6069 513
1533 7701
2703 7287
4959 1695
6012 1965
4743 4026
8040 1353
8268 8616
3648 7731
9738 9174
3840 1485
7644 8937
3621 9291
216 5520
6171 5112
135 2148
6714 9003
4059 6255
3126 8265
9489 741
3873 2601
5433 9549
8334 231
5157 9156
6432 2379
5106 7878
2322 519
6903 9060
630 8664
5430 1293
8397 8514
9849 7032
6807 6090
9252 6813
1554 5787
6912 1188
7185 4464
2823 7338
405 36
8550 8463
6858 7452
6387 4191
531 8025
8697 525
861 3204
9111 5763
888 8262
2844 8565
6087 7053
3270 8673
7869 5217
9885 5571
6546 4305
9078 1506
7194 96
8520 8826
228 9276
8832 3207
186 2634
3546 741
5385 8595
8931 705
1935 1146
4683 9720
4962 504
1383 1572
8982 6534
8280 600
6273 6933
330 4197
5913 6132
2007 9249
6828 9666
708 1110
9156 3159
3999 2793
5592 3273
3768 2631
2184 3405
6573 930
2361 6744
3162 6204
8160 3285
6933 4848
9777 3627
9453 7179
1380 8979
3207 4671
6414 7932
5622 9423
393 1341
7776 1080
6714 9621
45 4041
6084 9225
6270 1242
7848 2151
3510 3396
4998 1608
1170 1935
4653 9975
1497 3498
3525 5367
1170 2874
9120 2172
1350 1758
5040 8142
933 423
8529 7854
1338 3855
5934 8769
9927 4308
9597 3
2616 7626
4059 9330
2382 1797
5442 7785
15 5343
8826 3243
6801 2877
3399 3807
999 4281
6318 9819
7356 3624
3543 6969
585 477
3744 2529
3819 7776
3093 5457
1584 1938
3108 5994
8901 1323
9336 1251
2673 4053
4278 7014
9918 1347
5049 2727
8304 6702
6201 9126
9687 1185
9630 651
4434 882
9186 903
2121 7926
7641 4143
1011 7122
4440 8769
8784 9261
7182 2811
1848 7767
4950 5313
2004 8280
9669 9129
2862 8274
1233 4461
3375 5412
8070 8871
1200 4284
453 4764
5952 6291
7383 5955
9360 7098
6054 3306
8922 7101
4089 5169
1155 6204
6468 8544
5388 3216
1941 1929
4386 1191
1593 1182
1221 6972
543 3876
4452 4965
2583 5304
90 4833
6423 1833
2727 3777
4938 9288
9723 855
2400 1167
6030 7500
9540 1902
8313 5946
4299 7086
7500 8058
5583 3024
9225 6213
9564 3198
6678 258
7158 5850
651 1086
8691 5259
4983 255
4086 3945
1101 1551
1947 6675
5820 3381
123 8514
6948 7437
4476 195
2046 6654
4209 6267
1614 3762
4938 4161
4218 3054
2979 1116
1497 4116
1476 7440
4377 603
5820 9918
2541 3105
6093 7044
2382 4509
5229 9450
1227 3474
621 8094
1275 2202
6120 990
8766 1740
1386 7668
6300 3846
7692 135
3612 5580
2559 8757
6759 4131
468 4590
6471 2910
1113 7509
7596 5271
4416 8034
3621 6339
3714 2100
267 7983
9816 7044
2868 588
9342 7161
9690 1980
6978 7329
6675 3090
9183 8565
5025 2601
3813 1032
6927 4065
1650 5391
2364 6195
5910 2469
3021 1998
5175 4989
3222 8175
4566 9900
4839 381
5568 8892
2808 429
1197 2790
2133 1014
6606 3606
147 8187
453 7476
2502 6021
1941 7674
2097 8187
309 5253
8736 8640
1059 8454
6747 2040
2994 1464
3858 1569
8016 5052
7425 4584
8469 3573
3030 6261
993 408
2226 6732
7530 5280
1551 6822
1881 2496
6294 7023
7368 2508
4458 5361
8274 5697
7854 9312
8205 1662
9306 9816
8382 5001
534 6660
9123 2232
6084 2985
7083 8388
1980 3414
3630 8592
318 885
8127 5391
813 5028
8232 3192
5025 1917
3285 2178
3192 1950
5745 4458
7125 2871
5532 2364
9240 723
489 888
9048 8595
6180 4800
4683 4782
5067 1281
1740 9969
8391 7278
6462 8835
2145 4770
7539 4029
4839 6234
5892 3057
4992 5244
4044 3519
3366 423
1014 4092
7767 1449
2847 9657
8250 2091
963 2814
2451 3012
1857 4488
9144 2304
9066 7080
7029 3405
735 5616
8226 687
7806 8466
5280 3846
4695 7128
555 1713
324 8196
5637 8550
9090 6390
8073 822
186 1092
7596 3903
5046 7062
1212 5625
3015 4932
9441 4338
9078 8487
4059 1935
8427 798
9297 8265
3669 2652
627 1710
2115 4086
5313 9513
915 9990
2589 9375
3816 7317
3912 5793
990 7131
6984 4170
3033 3609
9483 1194
6924 7014
6597 6390
597 5106
3759 4689
4476 7713
8466 9168
558 9315
102 2094
1542 9714
4014 8850
1770 5148
4380 4218
2544 6720
9204 8316
2592 3270
849 4014
9867 7842
9213 7089
4557 4524
1587 5148
1590 8829
411 2970
1236 9765
5178 1875
513 7155
8214 9684
1167 1263
828 3783
174 4491
6249 4902
5109 9588
6351 8562
9312 2493
843 5754
5337 3036
6384 5706
2313 2865
2130 7359
9888 6975
7185 507
3129 6834
7365 1377
3039 8109
8211 7026
687 5133
2199 1716
3147 5427
5466 1581
1797 8088
5310 8652
2865 9915
8469 4554
2694 7293
504 5133
4845 4122
1722 9900
8769 7704
2391 7026
5508 9576
8934 5556
8817 6957
2232 8430
8676 2817
2865 6882
5277 9414
9114 6426
2505 4095
1764 219
1572 8091
7377 8907
6129 2985
3243 4209
9564 3858
1890 3189
6444 7692
7614 7278
4155 6462
2589 2409
6324 8004
1773 3543
4839 678
2490 8028
2112 3009
8925 609
6399 7131
5208 2238
4107 2220
6768 8166
9192 6588
8475 1083
6489 9276
8172 1311
6327 8460
8658 5634
6459 6135
5595 8016
2223 2961
6951 6597
3996 3786
990 6702
735 7644
1506 7521
2292 8430
9150 7530
69 5568
7455 8988
435 5625
4482 1464
8736 9876
5871 8301
8889 2241
1098 987
8736 8829
3144 9060
453 4632
1896 7797
9696 765
2469 7164
3522 7959
939 6777
8265 3996
471 5211
6336 6270
1176 4209
2067 9372
7275 9444
6117 5445
6297 8301
4017 2919
4650 351
4431 8157
30 4650
873 3915
5109 8220
9543 9423
4551 2745
8472 3363
726 2589
9060 9720
5001 3210
5052 8625
8817 2085
1692 1887
9969 8484
2469 2976
6366 7209
1566 4902
7206 3399
2199 4320
9867 5211
7761 8118
6957 6078
1797 8706
6936 2757
3720 8832
5466 3138
7329 4674
4008 8481
5598 2274
1692 5391
2241 237
2721 3843
8001 6006
3252 5694
1155 1776
7404 3801
9030 1452
1569 8475
9939 4683
7785 4395
3510 9372
6867 792
6342 9309
1395 6309
9810 8181
63 1965
9507 5928
7086 5562
1233 1551
9951 492
5778 7695
7497 4113
3474 4467
504 9255
9219 48
2025 999
867 447
5826 8382
7617 6366
8247 117
2235 6141
9639 2556
7527 5160
2886 8094
2526 5307
6363 2319
7836 7083
9066 7740
6597 7626
4479 5046
8823 5538
4566 7674
6903 3882
2376 6423
8190 2592
7704 3867
6195 348
8256 2394
3951 9249
7368 1437
2316 7311
8907 7050
7644 8202
6453 5487
2604 4974
8577 9804
9675 1674
1308 516
186 1644
8160 8469
450 8106
9084 2172
7785 4650
2067 6957
2772 9927
2916 9117
1521 516
1365 1437
8691 8778
12 9048
495 7704
1161 1149
5073 3933
438 2511
9369 9861
2055 1362
7731 3717
2160 624
876 4134
3042 5442
2490 270
3795 1515
2298 1497
9486 7413
4221 1623
6270 4332
3426 894
3957 9915
7725 4353
975 585
2217 1545
3201 3930
5451 8844
555 2628
9330 4806
54 4857
720 2466
4629 1044
7989 1137
4635 4767
4908 8043
1578 5880
2280 1722
339 1956
7035 9396
3225 4344
4488 1980
7452 7698
981 2628
7065 2859
5385 5874
9072 5571
5919 2775
3393 141
7593 6132
6696 5850
8160 5691
2403 6114
8574 4284
537 7956
9828 2292
8976 8199
7677 3507
4815 6108
6018 5679
3093 5514
1935 4962
1644 8691
7251 8997
9192 132
2037 8622
9771 711
5769 3891
1257 9450
2451 7215
6489 6432
6489 8418
2583 918
3894 7899
3651 1725
4590 1452
9870 5793
4335 2394
7134 8304
3108 3957
2853 1452
7551 8592
4158 6144
3912 3459
9870 4746
1119 6897
579 3240
7122 1770
480 9879
4332 7428
4101 4563
8316 5133
4173 201
8247 3084
3720 3639
8940 9198
8892 6003
5793 8691
6111 864
6126 3882
696 6915
1479 1137
7377 9351
3996 7371
9216 852
8877 3372
2934 9267
9687 2652
3744 1902
4230 8706
7983 126
606 6096
3219 2202
5058 7545
3573 2205
369 9795
1857 6021
9111 3660
1659 852
3054 822
8382 6897
2241 1473
9954 6042
69 2040
1425 2607
5067 7257
6879 1917
8193 2982
9621 1143
5694 9570
8745 1509
3051 1692
8742 9576
786 7989
1035 6744
7749 726
4290 8733
1530 270
612 7284
1908 3636
5781 2520
987 9147
3678 6930
675 9555
2979 2691
8016 9297
6381 3195
5667 2391
1119 1086
594 5136
6513 870
174 1581
7359 7980
5853 3978
6696 7407
3234 5088
2265 1254
4689 1662
6399 4905
2505 9345
4647 3651
4731 2073
6735 7749
1986 2778
990 4476
3282 2742
7638 8721
3849 8451
2694 9402
7020 1209
6063 4848
3048 3972
5682 7371
9180 6903
6279 945
3495 756
7860 5535
5721 2115
5793 8370
9417 7755
9579 3387
2679 4290
4029 9213
3702 4617
9003 1470
4605 8097
6807 3666
6258 1128
4434 2967
3510 6783
2763 5802
7866 2145
7527 2679
426 5844
8547 3297
885 4143
2256 2736
8109 3300
1077 1869
2052 9093
6684 189
897 8583
7029 7542
5634 7020
6357 5163
8571 8205
5625 7200
5859 4923
3822 1248
6504 5856
5838 8247
24 966
9435 6738
8067 3195
5703 3363
5961 6102
8841 2589
4350 8988
4257 1590
747 543
3240 3000
5430 9849
1185 4152
5280 5889
9633 4215
7377 8346
3975 6078
1155 6195
9219 8547
2409 2025
6801 3231
249 1434
9072 6807
5049 5175
4614 7233
8046 4425
6282 1848
8388 927
1533 1344
9855 2988
4989 9510
9228 6273
5778 5469
5952 1155
5586 51
3669 3648
6657 4098
9267 5154
2607 3558
1905 1071
5079 4155
7092 3006
6540 5913
6633 3660
6948 6381
1785 5328
4137 1659
9870 384
9324 1608
5511 6939
6756 9594
9153 2958
4728 1080
7038 4059
2697 3609
6081 9684
4923 4968
6234 6516
3264 9318
9756 4419
4671 6144
4368 6372
8064 6414
7701 1407
9831 6027
3141 3771
4080 5676
384 7620
2361 8763
2259 4551
5232 5430
2472 3612
5481 1704
768 1086
9510 3087
7491 9117
4740 3921
1908 2523
6801 1500
9855 2304
4383 6801
4734 6321
7509 540
7065 9948
2367 9867
5433 5541
9573 2325
3702 5127
8352 936
9465 3960
2574 4683
7068 3951
2580 9867
5787 4497
3441 7917
8784 2286
1332 1959
8646 1827
2787 2697
3069 3615
402 8175
7728 7380
2979 9054
7941 8427
3897 9099
5382 5616
8424 7083
6027 5088
51 3636
216 3969
9894 5655
7833 1431
4947 9825
6852 4713
2277 5520
2115 1257
2196 3582
5826 9915
5859 3447
6690 1803
8868 5151
7311 918
7464 3375
3393 3981
8496 7494
774 8289
3375 9525
8499 558
2136 1437
5265 9474
5838 4677
5100 510
5745 6435
5421 9987
7269 8505
8535 7836
9192 8631
8301 3993
8547 3231
6372 1578
366 6141
6249 2181
3465 1992
5676 333
7998 7338
8364 4692
1509 9273
7452 3378
7980 1548
6366 4917
6147 3567
8172 7905
5808 8073
5211 3882
9237 1584
8421 2193
2313 2130
6432 2238
4515 7296
6996 8238
3558 126
7854 4068
261 318
8382 8388
1071 3570
5532 9831
1239 939
645 2415
2670 4767
8532 5565
7479 7281
3231 81
4548 8799
2136 1800
405 3867
5325 9888
6900 663
3555 4113
5946 5805
720 4107
1974 8568
4968 6123
3237 4743
7590 2049
477 1905
5556 7047
3930 240
996 255
189 1209
1890 9099
8115 6300
7704 1104
5880 957
8985 9603
5328 4830
672 3285
3096 7332
4533 654
8235 1908
2973 8430
9291 4398
9249 4401
1902 1875
2340 9456
4329 7950
8958 9069
5832 4713
9822 9174
3585 33
4533 7191
5532 9147
8658 1866
8904 3090
6894 309
3936 3939
5355 2280
8376 6354
6480 6627
7953 1821
4974 639
7209 4521
8931 9087
4845 4689
7551 7668
612 2493
3231 3369
2286 1878
1485 6030
1053 4158
5127 9219
2472 2499
8745 6867
2556 2907
4383 6735
4560 3924
9909 6675
1227 258
6447 2370
378 9846
8406 4368
345 9669
1143 7434
2037 9108
4692 5211
810 6507
168 6774
2793 8862
3366 4065
405 42
7929 5907
9663 3357
9513 6042
4230 7782
1668 7440
7545 9822
9279 7797
7560 8898
5517 9387
9072 7467
63 1446
3129 6717
7845 2880
9066 5703
8784 126
8274 8655
4008 6807
1155 6747
7812 3642
9747 9255
8790 2277
3363 7005
9588 42
4347 5226
2499 2241
9780 4413
9501 4998
1788 7104
5160 8712
4881 9297
5958 1293
4224 9441
585 2322
9573 3561
903 2631
5481 7491
1458 5859
8841 5598
1902 4587
2007 1671
1191 9450
8517 24
690 2523
1092 8919
120 3390
9585 8001
825 6360
1458 4812
393 4488
2151 2295
4164 1146
7359 7056
7653 858
4344 6180
8478 7128
8826 9531
9996 4953
8352 9648
3669 1059
4176 4539
9042 2181
189 4284
2154 2835
8532 7485
4365 8346
9387 5784
183 2934
3519 6834
333 2235
6156 9750
2514 3528
2442 1962
996 189
2460 9186
306 1728
9321 3336
8478 1893
312 1479
6150 4458
9666 8703
834 7482
2286 7986
6069 8145
4026 7173
6507 3123
2283 1272
9939 6768
5475 9594
1212 1362
7029 5679
9219 1194
1860 3798
843 3222
5514 3843
4956 3027
2850 5934
4020 3342
1011 591
3426 4818
3498 6909
2058 1275
4035 432
7599 3213
3144 7320
4125 4563
8829 1389
1038 1596
8025 5307
1302 8058
2469 765
2193 8037
7308 5895
336 5232
2715 1437
3840 7962
4404 1359
4725 6369
1311 600
9282 7908
8484 1512
3633 7605
6441 8151
3942 3930
447 6618
3780 7803
8718 4833
504 507
1677 1596
9204 4992
4875 5037
6306 2715
1764 2238
2550 3147
2739 7284
1845 4563
6645 5298
5838 2088
3756 3366
7623 3933
5967 3141
5325 3903
8904 2340
8310 1638
1374 5328
9225 3186
9810 3876
3450 4464
9429 4413
6132 6591
165 3498
3771 4290
9705 7206
4683 3123
3786 6813
1668 4233
2313 8172
4959 6441
4857 8874
9267 1089
3009 705
6648 2199
2520 6435
6522 3780
675 2967
4938 6732
7629 4515
3669 6120
8853 4374
3174 9561
6099 3273
3660 3267
2457 1023
4251 3708
7923 2373
8067 8016
5727 4569
4545 3660
4164 8664
1422 807
7110 3024
3510 3444
7704 7146
2064 5643
3585 585
4032 9447
1158 8052
8988 9234
5820 9348
8148 7308
8208 9537
9507 9570
7497 7755
1929 207
3672 5613
8997 8007
8355 3585
3243 7422
1290 5175
519 2817
4182 2682
4419 4086
9291 762
5175 8499
3747 8352
2637 2364
9075 5079
780 4026
8151 264
9861 3507
9756 1764
6075 5265
1770 1503
4662 3669
9858 9396
7626 5748
6306 6366
3966 4905
9504 8346
3045 2310
1596 7473
3984 3498
99 1305
1902 6762
1515 6582
981 6123
4998 5991
8613 4122
6378 2943
2949 801
4392 1980
4803 3537
4242 3204
2409 5223
3252 8652
7299 3030
6144 6159
4263 7464
6861 5019
498 9537
8268 8490
9345 9117
1317 3978
7800 1740
4830 6528
8304 5703
2844 4104
3570 1764
4119 2760
4284 3093
2061 231
9948 1947
186 8898
2280 9660
8472 8670
3825 1761
7560 9342
6546 3816
5088 7173
7944 9453
7359 2118
3714 9477
4911 4773
9777 4401
3297 8142
612 8898
7041 8346
7410 8886
3294 9012
2907 5634
5094 171
5472 5190
2757 4377
7356 3927
8730 7221
3423 3420
6207 162
5565 2910
7650 3327
4746 1824
129 3129
3006 2085
786 1443
6780 4410
7287 6429
9813 7491
8490 456
8646 7119
5454 7401
8016 6723
6519 555
573 288
7140 3117
3738 8019
8445 8526
5505 3165
3423 279
3429 8661
7068 7149
4986 6249
225 2436
6345 6525
1971 7359
9132 2784
8283 7188
7302 8484
6978 5391
7317 6843
2226 5370
4227 4884
6384 8853
8325 4152
417 7746
6150 3024
6045 756
9159 5775
3063 4029
5874 7290
8985 3444
1359 4701
2412 6957
8124 7545
7869 8487
7557 7434
4737 381
8007 5913
63 5649
3957 3195
5154 4641
9477 8457
972 7860
7854 3870
7653 1665
5517 3912
4170 1209
6303 4326
8178 5916
7200 8715
447 4713
1128 5340
3840 3963
2487 7602
2511 7959
4266 2085
93 2643
198 4911
7608 2538
3945 1212
4041 7107
9378 5832
2478 8721
2115 267
5862 7185
5007 2241
2643 423
8643 9291
1590 7212
2319 7092
4206 7524
8490 5262
2124 4638
3669 7356
8211 1905
4155 5529
1209 8688
5385 1719
1431 924
2334 2418
2241 2190
2337 4638
8097 8421
4644 7908
3585 2868
735 7758
1671 798
9162 2514
3687 8514
7596 9078
5442 4626
7548 7869
8745 9810
2484 6270
8559 4695
9846 702
5577 5982
7416 9147
3486 3276
5559 8328
9855 8106
5013 2382
708 5790
9615 7599
4023 7830
4761 3366
3393 7434
7653 5532
6816 5331
306 1959
6357 2013
2487 4824
8865 7488
3753 4155
8352 3705
4185 2388
8664 4236
4056 2880
5337 3768
7770 990
2238 6456
7782 5016
8451 2142
5142 7464
7506 9282
8523 2661
9285 2718
6921 900
4980 6126
1365 2811
8751 9429
4701 6711
4083 7830
9606 7728
5010 9681
6927 4623
2157 9621
8499 9393
5154 2226
2736 5541
7704 6651
4800 3162
393 1833
6525 2778
2409 4365
2022 3690
4785 3039
993 1074
1521 5394
1968 8823
2508 3849
2793 4476
6441 4770
6066 1446
1320 2637
6027 3669
2874 4320
9183 2949
3030 4833
7758 8469
5805 8208
3678 3822
9996 1251
6591 4650
8091 8349
2661 2226
7821 2109
9744 4413
9045 8613
1413 3474
9153 5406
2613 465
4593 9756
4416 5922
7509 8115
3786 3540
384 6456
8481 3552
3063 930
6108 1914
9432 5760
7353 6555
906 1842
132 2973
1260 7029
9288 3537
4035 3951
6435 5463
6027 6126
1431 8079
6333 7401
546 4653
4455 3756
4137 2952
9138 7878
8307 3291
1770 6498
501 8559
6201 5646
2583 3339
8415 8688
9501 504
9750 5409
4452 6612
8019 1548
8175 1536
4059 3648
3954 3366
4761 951
6678 4938
4200 1557
6555 8739
7047 2031
3795 5709
3663 5001
9174 3384
6471 4086
4938 210
5853 7191
8628 6594
1314 4245
4149 7863
6609 4959
9594 7878
8682 414
4566 8151
5691 1881
4899 7314
7998 7329
7716 6219
4557 9270
5178 5682
3645 3792
2370 4641
4395 6993
4914 5343
3474 1695
7512 912
9957 3621
5832 5388
8208 4062
6162 1587
6633 8820
7464 6762
5337 8829
7230 4380
7548 5709
9072 9765
4815 3765
5427 6507
1170 8643
5244 909
3435 1299
1515 3201
5670 1017
696 129
5721 9879
1284 2514
5511 4407
798 5775
201 1584
423 8601
9351 7086
2712 8259
4338 1746
4689 3252
1896 8676
9246 2805
5676 2673
5562 3591
1056 822
2895 8151
9672 4899
4923 1389
5127 5814
8073 1635
2076 6513
4266 4731
7038 1419
2898 1188
5007 5934
6258 2247
2934 5985
3648 8775
5334 1044
6015 4182
9471 4212
8289 5289
5646 4056
6183 1026
1014 4329
1518 8292
4128 9348
8082 4959
7557 4845
2853 1566
3090 5451
237 8838
4038 1992
7386 2223
2682 930
1830 6837
5424 2142
5823 3837
381 1383
6633 7089
8109 8970
4284 8814
2217 8451
2292 3606
9357 555
363 5163
7710 5208
2340 6306
6975 1083
417 7614
1830 4743
9663 5442
4257 1662
3078 270
7524 1527
8262 2688
1806 2814
3363 5586
288 4467
1833 3213
6189 7206
1593 9876
4320 9531
1476 4107
7548 9468
1068 606
6159 2079
9237 3240
324 5292
9783 5628
8985 1218
9420 9777
7161 3057
7950 7647
2976 6759
6942 6396
6981 7785
7134 150
6684 9255
42 8733
168 4671
3120 2724
7251 8319
7275 540
6741 8742
6393 5292
390 519
4053 1845
1950 4269
9408 7794
6903 1836
6015 8049
9705 7263
942 8616
7449 6735
2325 3099
849 3204
1068 5988
9213 8265
9072 6303
1959 9
2898 5886
2514 4203
8856 7173
5520 3798
1041 4542
8190 7083
4134 8721
5655 9621
8523 6246
3234 4263
3327 1044
9498 3378
1779 5676
2025 6900
6111 8817
6918 8388
2472 3684
6123 3687
7530 2994
8640 351
5214 3876
759 7983
7032 6918
6984 3723
1392 3954
4092 5169
942 4428
126 5037
8493 6195
2283 7545
4155 270
156 7131
5199 1245
9789 9606
7377 4593
813 756
5262 1530
6930 8748
6450 3156
9321 6468
7776 9708
1551 8040
8316 6912
4947 3360
6822 1752
3036 8169
7026 993
3636 7410
6279 12
2478 8844
5253 1602
4857 3588
3318 5559
3810 4035
1179 8289
1401 0
5790 723
2352 7392
4029 8280
876 5484
7992 678
5067 2499
5022 7452
9825 6243
2394 5295
1836 4479
8754 6333
1965 459
9549 2403
3354 6771
7539 588
5028 8142
2112 1152
1041 2703
4836 738
1422 5778
1095 5154
9321 2172
5274 8319
6222 2874
4878 1149
5265 6513
4842 3441
1473 4548
5007 3774
903 8367
8439 966
3432 1887
4920 99
9015 1836
5133 1146
7617 1797
5235 339
2802 7089
3447 8022
4182 2055
5112 3423
348 93
5604 1899
2049 9969
8496 8037
936 300
4722 2679
966 8544
2664 2136
1299 3735
8310 7803
5817 1899
4416 5790
2499 7401
2523 9744
2208 4485
7884 3201
6018 7029
3648 7086
5310 2970
8601 6639
5580 4551
621 6681
5724 8208
7164 7197
1602 8997
396 6684
5781 6648
3 5706
5271 6546
5013 3807
5925 3660
2034 9795
3609 2556
2490 5379
9477 5118
5898 4200
4824 9240
8943 3198
2181 8007
5994 6648
684 3825
8370 3336
6375 3078
7386 9996
7419 3528
5841 2619
1725 8178
3363 9855
3468 2967
5061 1461
6819 9885
8007 4452
2619 6405
6342 8499
6426 276
651 1554
7368 9834
9636 573
4200 1317
462 1803
6888 5181
9840 9384
585 2139
3288 7587
3009 8172
8568 7764
9420 2382
8196 8121
3981 3609
9354 2028
6111 1059
5037 4113
489 9261
7161 9891
4890 4854
3396 3858
6045 8289
4044 4308
8820 7692
3015 231
3261 1455
3018 5898
1065 1665
6402 4362
5901 4080
7572 5934
4674 5643
8595 8247
5448 5037
3687 9147
5229 1179
4704 4704
9009 1821
2892 3399
1242 4371
3060 7413
1245 2427
6246 7353
6654 237
3549 4608
6054 3921
7974 558
2922 4446
5382 8187
8070 6453
7194 4833
9732 2337
1074 4908
7524 9663
5406 1899
8469 8121
4518 390
3057 9222
378 8295
5817 423
9180 8361
8130 9069
5823 9771
7965 7275
2055 552
4116 6762
3603 2979
3531 1413
7827 5355
3228 1641
4599 7404
1185 8280
9390 6141
1461 9612
5637 6090
561 5154
5079 2793
8193 1662
1665 222
5166 9888
4605 9555
6114 4443
231 5922
8961 6903
7266 7395
480 3216
4590 7971
4716 3909
5583 1545
6087 5508
180 2466
8325 8907
1272 6828
8841 3576
546 3984
1371 4326
6357 4056
7734 8853
1728 7983
4641 1641
3018 1026
5139 3840
4746 9507
981 9402
2691 4014
7008 468
6732 6720
7119 3453
6246 5514
4449 2760
3387 7137
8817 8793
1716 2802
3249 5217
1176 1131
6528 918
7599 6426
7248 3459
9549 7143
621 3474
6204 1437
4533 4272
3354 2880
8583 4317
6657 8589
9558 9363
5031 1287
7956 405
660 9939
5040 7644
3252 2724
6165 3552
9945 2016
5103 2745
5307 9156
7098 7140
9252 4947
1998 7833
5463 6663
7170 4047
4632 9246
4878 3795
6273 5751
6645 927
4242 5799
9123 8445
8058 8121
8118 8172
315 7581
8037 4800
7842 8991
2310 9273
5232 1290
7212 8595
8967 8871
9144 4074
1161 7494
1314 6504
9435 7404
8802 1341
9390 5712
2862 2286
828 7284
5181 426
7323 1902
6762 3555
5583 177
5841 4902
6087 6126
7239 8553
1458 2469
4620 6216
4413 3708
1068 5172
8826 8235
3711 8391
1155 9786
864 4884
7563 7374
3177 6885
2580 4680
7377 273
6201 4548
5430 9360
4251 5982
903 4731
6489 9381
9039 5202
4290 6876
7521 6330
1122 7515
7020 4587
4926 2364
7737 7611
9153 7704
8640 9105
9831 1203
1911 5460
7599 9138
6381 4371
1806 5178
1095 8055
6912 6222
9546 7635
4422 7971
1230 5247
1002 9261
3468 8646
9603 5136
9783 6006
1953 1377
7926 7668
6054 8298
1773 8091
1482 5175
7791 9429
6537 6954
7125 7353
4434 747
9009 6090
7587 9141
5094 3237
6396 8412
9954 2562
4926 6807
4380 2847
9504 1050
3339 8064
9579 1638
8025 3072
1392 6534
8694 7368
6645 1653
5862 7431
6474 1542
5121 7167
6888 4794
639 591
5814 9834
7581 9447
6165 6156
7431 5487
7128 5715
2475 9837
3096 1782
2505 9945
9864 696
7281 5664
7893 2256
8853 837
2934 444
1323 9975
3777 1887
3279 5286
4887 6303
7857 3501
2706 4872
5061 7395
2838 4533
6117 7899
3927 7200
5685 5007
7689 4038
7632 3504
5853 390
4989 2271
9330 3246
1182 9339
2067 9732
375 2076
3618 9195
9117 105
2382 3327
7617 8457
7044 6609
6345 6342
7809 6183
8898 8850
1095 7734
1248 2580
8853 1200
9402 2196
9357 7149
1941 63
2271 8865
7140 9471
2412 5835
8943 9495
7245 1122
1245 6483
2883 9621
7863 5601
5478 2448
2661 9693
5517 3837
327 9969
8598 2034
6051 9894
8226 2391
1827 5037
9375 5109
3093 2907
4299 4173
4755 777
3846 5625
2937 9978
8925 1116
9936 4587
6765 1020
2436 3051
6288 1620
9519 3252
3111 8559
6855 9315
4362 5397
6564 6399
9213 7383
813 8034
5130 8652
3576 8100
1821 1179
7404 3114
7254 2352
9945 2313
3288 2220
6144 528
8499 2526
3459 9915
7107 2598
1119 6276
9495 2787
9183 1209
8109 8235
1134 1380
5886 5373
9174 5361
8718 5310
2559 6891
4257 6633
3099 1917
8187 2412
1419 4932
5013 8373
6159 5424
1074 4668
2319 7848
4275 4179
2886 9393
7509 9300
6177 9615
759 6993
4971 5868
7698 3537
3030 1938
3549 8919
8718 2169
4623 2418
1923 6801
2496 2004
6759 5769
345 1233
5637 6897
1734 7050
3855 5700
1344 1617
3753 468
993 636
795 9282
795 7296
3090 5079
7842 7086
2577 249
6204 1881
3984 5706
5292 567
9672 5937
4125 3201
6645 9171
6609 5313
9102 9756
24 5325
480 1929
4086 240
951 531
5226 7797
216 3051
9885 9384
2043 3432
7695 3252
4866 6996
7404 336
7692 5169
882 8244
5154 3198
42 4857
4278 1578
4512 7932
1389 3093
78 84
1146 6075
8052 6909
7668 759
8619 3987
4389 5997
4248 6021
3651 3816
7605 447
9153 2874
8307 3900
4281 7632
3558 8994
2124 9261
5409 1101
8337 4947
21 5040
960 8406
9393 7437
9291 1239
5523 1617
2916 4242
6639 2172
7179 5829
5190 7335
8607 5976
9765 2061
3906 8364
6141 6096
6549 966
1908 2439
4146 7299
1689 594
6009 729
972 9813
9180 9894
7155 9528
9825 6663
423 216
5634 4989
1554 3789
1404 9177
7335 1767
6663 6033
42 2187
2244 7353
1413 7950
5535 9561
8511 7971
3069 3531
9822 888
9099 2250
336 1092
4506 3912
2634 2556
4473 5721
8049 477
7596 1929
795 3363
1023 5442
7509 8871
1377 3459
9300 6855
369 222
5742 627
6867 5166
4503 5334
417 9015
2508 5076
3786 9894
6300 5055
5730 738
1437 9633
7602 138
3792 1014
2310 7986
5253 8922
2898 279
2394 480
3792 8598
1164 7902
2514 6180
9174 3309
5490 7293
1761 2415
5013 723
5004 6087
7485 6504
4155 4341
2772 1227
3711 5118
5637 6939
8343 5259
1575 4332
4527 8535
8595 1767
1050 1212
4188 2424
9804 2550
468 2550
5442 3438
867 6231
6261 3504
9318 9975
8781 5835
7773 4584
768 5700
9099 9150
6891 9306
1050 165
2022 6219
1641 9237
7944 3648
6366 4725
5535 138
3408 2205
510 8559
6873 1560
7707 1197
2973 1230
2541 3522
4779 4935
7272 2208
6225 7122
6450 1053
9615 4317
7662 4056
4614 4989
9951 5700
1131 7980
9357 7701
6888 5601
6345 3861
3360 1467
1215 3894
3438 5736
7137 3309
3984 9144
2418 7077
8151 7788
7893 1077
2487 4467
1569 9495
1542 2976
621 6309
1524 5817
7257 5067
4755 7974
7866 2142
54 4212
1938 2424
1830 1164
138 4620
5379 3408
9417 4611
4749 5190
2004 8376
7866 7740
927 2565
7260 7701
7284 8058
5319 2310
5100 5124
9141 5844
8052 1716
9984 9273
3489 9996
8358 7155
2463 7614
8955 2715
606 9276
2943 4575
2499 2841
936 8922
1752 3846
2715 1419
5898 1842
7551 6537
7890 7989
27 4644
4269 7074
7146 2058
6786 1752
2154 4011
5217 2154
3150 6450
3786 3399
7683 7632
1041 6090
4320 9456
2460 9423
1047 7827
7236 1170
6429 5571
6711 4503
5283 4356
8442 2436
2475 9960
8574 2592
2439 6102
126 6693
5733 4821
2811 9357
8262 9150
3276 2775
7680 9963
2211 2451
4386 2118
3270 9642
6333 615
3774 8421
129 7149
1404 7017
4401 2103
3468 6099
147 9906
2967 4356
4641 7188
7662 9801
651 1074
5229 3948
81 2907
3855 6252
2922 8262
9537 3699
4191 6615
2919 6981
2547 7338
5052 4665
375 1260
6648 195
2346 8745
1278 1293
1956 4389
8874 2079
6606 2184
1692 3525
8751 7341
4929 8880
4836 6474
3831 8379
6618 4638
1563 378
8388 9918
2010 3807
4044 795
8394 9669
9351 3549
6123 5598
39 7353
930 8544
1281 2880
4791 5913
2325 1869
3264 7221
36 7284
6693 2718
6111 9681
2121 1056
9528 8322
5142 7833
9354 4005
8244 3201
2196 183
9123 1857
6645 8568
2700 4146
8940 4365
1191 9258
6648 4638
1023 4692
8406 4431
9591 9021
1320 6147
246 9201
4857 5607
8148 645
3378 7629
8598 7755
2862 4329
8235 3273
3264 4080
5910 8994
7479 9117
7878 2181
4404 4992
5364 5559
5697 8886
9489 8865
9081 7350
9105 7707
8193 2229
336 6771
9867 9198
5331 9933
5379 6483
2031 3246
8037 6267
7548 1380
4320 1443
3084 7653
3975 3660
2526 6837
5733 1467
1290 9600
9642 570
1164 5997
8640 531
3882 4371
8481 1935
4023 3327
3231 7299
7218 2040
5091 4107
2529 318
2649 2598
5928 7950
8739 4566
3225 2007
270 9813
6294 4809
8895 8526
9045 5841
672 9564
555 5781
7086 9441
1914 6057
7683 3015
1929 444
2727 8826
2811 5787
4497 8673
3045 5688
5175 1152
5952 6213
4383 1926
5427 5574
7368 2859
7887 1209
4731 4824
5502 4701
9951 8922
4851 5643
9522 8745
3435 2352
3168 6438
2502 198
7431 3558
96 2355
510 3621
3888 9918
6486 5487
9492 3096
717 423
9546 7008
5847 3810
5052 1095
564 5025
1455 7182
4860 2322
7254 8220
2739 5106
2913 792
9852 9939
9387 9351
8637 8853
1725 1566
5517 3531
8118 4767
5931 4302
9711 780
4704 1701
8877 6741
8409 8622
2031 5958
7554 1692
8694 7788
9828 318
5898 5064
1149 588
1410 8994
2250 111
3093 1554
2478 8340
699 3240
7830 1977
4062 369
5691 4707
8172 5124
1938 8103
9906 2574
30 5067
9231 4650
4566 9930
1056 8883
1122 606
4671 5028
8958 6972
2502 453
8727 6810
7347 5391
786 3774
429 9135
2946 3318
351 5280
9207 2199
4353 8775
3864 3363
2394 3744
663 5811
2958 5772
3846 84
117 1851
6138 7395
8886 279
6423 8547
6528 5823
7017 618
6657 4284
4479 5100
5958 3492
5667 7746
7365 8949
8709 4029
1707 9351
984 8202
4950 4806
90 6420
8223 1224
6105 2616
7500 4047
9510 3381
3582 5649
777 153
3660 4485
7512 5040
9960 3294
4203 5178
8463 5262
6087 1929
9273 8514
54 7113
7287 6090
2979 2811
9870 4074
3480 3507
3084 2460
8175 3933
5436 777
8070 204
4950 8202
903 7179
567 7230
1059 7692
1632 2895
2919 6486
3396 1944
3996 3666
5085 4347
6900 4674
3594 9513
8778 5781
84 8466
9972 1560
1995 5283
7518 7167
1434 291
1662 9540
7734 1086
6132 5970
4290 1524
1284 2454
1707 2493
3252 1239
3792 4896
8811 2817
3768 2058
7281 4608
9810 6759
2775 7437
4731 9201
8250 5409
5760 3186
6102 6333
9759 5895
1932 4947
9762 1470
5541 789
4374 7587
4059 6300
681 9048
6366 5103
8217 1152
8172 8091
4392 996
333 1656
9417 9285
6153 9654
1659 5202
7653 6708
3288 909
9315 2592
2451 9834
7002 7650
207 5637
876 7947
9372 8724
4833 9225
3627 9945
6471 4752
1860 1701
2118 6426
2928 1542
7275 5715
6714 5907
7278 9921
4479 1530
6837 5748
5961 4128
9570 8601
8214 8559
5907 630
681 6846
2631 7563
4080 4386
897 1482
72 2271
6861 4506
1761 8646
1503 2460
336 8733
2058 4668
3792 4104
3153 8547
4089 9723
1935 3285
6348 1662
5145 6063
1248 369
4656 9807
9360 6633
9420 4698
1065 3402
4284 3519
6450 4827
4860 417
9123 4182
7392 8235
3285 7161
9873 2199
5967 3138
3 5712
684 1845
7248 498
7614 555
2562 2457
6672 9198
9528 7506
9270 4767
579 7161
2919 8622
1260 8313
7989 3327
9216 1269
8049 9528
6375 8682
246 2787
93 1296
1044 552
6123 4674
9603 7047
4875 3411
615 1866
9978 279
4494 1770
3174 5586
7233 5451
5607 4794
3783 6633
6465 7794
7824 900
6060 3315
7071 7752
3825 9195
7884 7074
9111 3030
3159 474
8718 2052
753 9276
357 9276
2640 9708
6456 3894
5436 603
3051 4095
9342 9729
8709 9816
2592 9408
9378 4956
2685 8175
777 4422
1305 6756
1086 5406
3462 9264
4431 2481
7632 9603
798 6696
5082 5151
441 9576
5043 4176
8496 6675
4749 1743
6486 5355
1899 1200
2157 5925
7131 6813
7164 345
5823 315
9477 8991
8727 4329
3534 8241
4821 9846
6963 9336
939 9156
9936 8229
6729 6954
5283 1017
1824 7563
5568 6333
8436 7950
9726 7638
531 4608
6651 8697
5868 9483
7914 2361
3612 9450
3648 4677
711 1011
8868 8775
4074 6771
165 8193
3339 9291
7809 8202
2064 4956
204 951
4314 5706
1545 8040
8517 4761
8904 969
2355 9306
4572 7398
8610 8601
5052 4359
3228 6198
960 6303
912 3108
7971 8385
8865 6612
9789 4782
6489 3279
3699 6951
552 7905
3465 4569
5781 3192
180 6084
4533 3915
7215 8523
9486 8127
8106 4530
7908 2559
5433 5340
9819 3348
9729 2637
5094 1215
3144 4110
4851 5658
2475 339
270 4701
9561 6207
8922 4005
756 2874
2178 7407
27 6111
6228 4941
4800 3333
8349 9741
300 3762
5088 9627
1389 9876
5127 2910
4179 1185
9429 5391
1077 7776
4098 7383
9141 5109
2235 2814
1128 4974
753 5814
4851 7068
1254 6510
4272 3456
5796 7512
1608 7533
8076 291
5358 7515
2073 6549
3186 3423
3606 3780
7749 5265
1968 4806
6873 1659
5964 8493
204 6696
1527 1128
5391 6645
8196 3510
1446 1203
255 1494
5484 2406
8655 1809
8835 2679
5664 5262
4497 3924
3282 4824
3414 1974
6867 6459
3978 7974
7575 5499
2463 9336
9822 8718
3144 9963
6957 6618
3027 2733
6576 510
4260 426
801 5760
4911 8529
7956 2868
5295 7179
8208 837
639 450
231 6546
432 8751
180 7749
9258 3549
8007 2769
6162 1287
2970 7194
9627 642
2319 8136
8781 9222
9351 4908
5163 6915
8898 6360
5262 4908
6552 6582
9816 1746
9420 1746
1512 3354
3375 9579
1011 3597
1563 6288
6921 3675
9450 5826
630 6120
4575 9081
1782 1902
7023 690
261 5499
9576 1212
8580 4923
3435 8583
9729 4194
957 5202
1836 6339
7056 6465
2049 3414
9549 2277
8463 5277
6630 7296
7533 6804
1413 5418
9042 6381
6153 3924
5580 2076
5058 7104
2940 360
1353 1617
7962 2487
864 5361
1824 7389
3966 8340
6177 7701
9102 1413
7059 8052
6462 5847
75 6369
1137 3978
6219 8829
2100 90
5064 7794
6681 0
8262 2604
1254 8175
7410 1341
390 1950
2055 3996
8340 9879
5790 9591
1683 6339
7113 825
2328 627
8406 9186
891 660
8475 4590
2484 1140
9672 5070
5436 3357
2679 561
1497 1638
411 2652
4122 5712
3654 4146
4428 9165
9072 5748
7836 7986
1896 6753
7326 8409
5493 8442
9573 2997
1560 2862
4584 8631
7731 5196
9861 2646
8649 6261
3267 2838
8451 1092
9168 2130
9207 7491
105 4689
2445 1683
4188 2925
8847 4704
7911 3033
624 7203
858 4926
9006 8898
2955 9369
7578 2106
759 4395
678 3009
5913 8139
5082 8736
5445 6573
6909 1947
6927 9171
5313 5370
6711 4857
276 1659
681 9063
9981 1758
9057 5574
2844 1257
1863 6525
1434 7314
3468 855
7470 186
8226 6585
3960 6915
1398 423
5073 5775
2805 7866
3507 3708
93 8748
9153 7389
9867 4746
7329 7242
8826 4779
8091 7299
1671 7119
7653 9288
7875 1524
8055 9039
7872 5427
8604 8988
9027 6876
8823 2616
7737 6141
9894 5643
4242 1659
603 690
1941 5559
7593 6096
2397 177
9420 3774
4575 3525
4506 951
3324 42
1626 6450
9210 1749
7353 3411
9669 48
4617 3936
396 3780
6516 7869
8307 5853
7362 8829
4425 7149
6813 7338
3396 7236
5061 9282
2829 8586
8820 4425
4992 4752
6726 2202
2178 8067
1032 8838
4692 2016
5082 4911
2790 8631
2019 4287
8829 7362
8724 930
1833 3639
8994 525
4035 7344
5502 8880
6660 801
5817 1344
4533 9018
4119 2733
1806 9777
7365 738
1215 678
6036 75
7593 861
9396 168
3441 576
4905 4581
3399 9210
9738 3315
282 6660
8442 7488
1470 9306
5778 2934
852 3780
6159 7995
4923 5574
1977 9258
6834 4377
4614 8202
2295 1431
9318 7014
7239 7809
5793 8547
5199 5859
6825 3510
7752 1914
1869 9846
2925 8364
9714 5415
1077 5187
8238 2073
6144 1836
3948 6018
7164 468
3690 1293
7893 4290
3090 9636
2109 5748
9624 9807
2313 5514
9582 8349
5448 39
6996 9636
5559 7683
3477 4797
7728 9033
7974 8271
9660 3987
573 8892
186 5514
7266 48
3981 9699
1944 1860
3495 2343
8658 2901
1665 8043
4311 6312
687 8361
3363 1140
1317 2112
5052 5529
8904 9723
3603 75
8403 9966
3924 7071
3141 3693
873 2337
3591 2172
3921 1818
5535 3138
6732 7065
8124 9504
7305 8418
6300 726
7731 8526
4992 5370
1659 5151
4998 6582
5064 291
7557 2748
2775 2259
4710 5886
6795 8289
7650 6588
585 9639
5157 6117
9864 9630
4635 7698
1488 8652
798 2055
4896 7473
6516 5346
3126 3132
6228 6111
5607 3549
3465 2598
4089 8841
3285 7326
501 1953
432 6054
6636 7599
4788 1416
5049 225
1365 9642
7917 6006
300 5871
3309 8622
501 2892
33 1326
1275 4464
5910 1227
1761 6609
9567 7434
7161 7605
1860 2121
3771 5391
8151 9741
3696 5217
7104 6024
1770 8994
9387 4470
2244 9816
7758 5730
8790 7863
6543 8616
6228 9507
7995 9120
8721 1347
6111 2277
5016 6477
2979 4788
8316 5499
7524 9471
7863 306
5313 3465
9843 6564
7806 2889
6624 3966
4677 6903
9303 8505
5658 9219
3411 7986
87 4140
2079 6315
2958 4971
1677 7503
5451 7842
9159 2754
2298 7032
7176 7983
237 822
276 4197
6396 8286
9276 6951
9873 525
7947 8769
531 8853
8187 1776
3069 5310
5736 6900
3972 8790
4323 9276
7800 3996
6852 9441
4851 5460
5016 5793
8997 3981
7830 8076
2814 5205
4230 1851
5985 141
6456 1749
8004 4176
2505 3174
4125 5706
8865 6198
8106 1191
618 1695
8145 7269
1593 7458
4002 4323
8103 9258
7191 3780
7509 6570
4875 690
8562 9543
6549 2061
1848 8916
7017 2166
7992 7212
7641 4245
1968 9735
1113 2805
2613 6504
4731 9084
2592 3183
2238 2133
5889 4122
1350 3162
3621 588
9051 5691
8973 8481
6060 6192
702 5607
6273 69
798 6069
1887 6750
8091 9261
6561 6888
9990 6549
9897 2157
2952 9474
1839 3969
7740 5247
6162 8310
1095 24
8388 9669
7662 1392
1053 1047
2775 1146
8265 2136
8721 2904
9429 8589
6540 8118
6012 1317
6402 6198
2880 5814
9000 3753
2028 4551
1494 9276
4713 2748
2049 6825
1257 8811
7269 306
7929 4782
759 7551
6108 8316
8625 3960
9624 5916
5928 6399
5073 1455
6504 7269
7782 8640
6357 3543
192 6393
9849 786
6984 7842
4407 318
8100 8397
2064 2235
4839 3624
8832 7794
5847 5400
3021 6180
6195 7803
4737 2529
6021 453
1332 2178
8436 9672
2046 3507
9669 6345
2079 9282
7602 9180
9849 5229
5544 6651
7851 9921
8412 5787
4449 9831
6942 3657
5940 5604
405 219
39 9924
2241 7479
8793 645
3810 7107
9369 6699
243 7704
8631 354
2913 2166
7017 7335
4377 5619
4503 1557
645 3210
273 1581
6075 702
2277 9243
7905 75
5307 3045
3060 1812
4668 9474
6156 7686
4158 9372
9060 8694
435 1350
7038 1392
6810 9378
4446 915
9969 2799
1839 5526
2451 9288
5142 7263
7029 9681
9912 9849
7104 2133
5223 9588
8637 81
8994 8232
6339 3498
2115 3825
7053 2841
8727 2226
1650 3762
9516 8802
1923 9024
6174 9288
1110 5703
1275 5016
9468 6021
4476 6513
4416 1278
42 9282
2037 6507
6330 123
4926 333
5550 426
5868 735
7251 5835
6855 9807
5721 3462
8061 456
7494 8976
9330 2007
1179 8583
3507 6543
363 5028
9012 651
4581 7101
6696 1533
8442 2484
4011 2289
7806 4488
1947 8805
9798 6663
1800 9546
5730 6786
3366 4968
1938 6807
7545 5127
6246 7605
6822 4503
1791 3081
5277 7743
7632 7755
2976 9657
7542 7044
5706 9546
5871 9879
6072 5439
7701 4593
5070 7386
8523 4701
6162 5103
4350 1812
1965 7290
7665 5838
8835 1260
5946 789
7794 4491
5058 6477
9321 8064
6621 3816
9942 534
6804 8892
9132 6852
6663 4752
609 4629
8880 858
2976 3483
5073 5940
9342 2646
6288 381
522 2940
6489 4572
2382 5484
2478 5421
243 6228
5907 918
2940 5223
9342 8244
4308 660
8172 4191
531 1713
8493 9201
9792 78
6699 7950
357 7683
2169 2343
2475 1632
6195 45
4935 1926
5439 705
3384 9027
5574 6528
5061 7929
6093 2892
2652 4419
8292 2916
4419 6210
8526 7284
1668 1014
8034 7761
2922 9612
972 5862
6399 3837
8097 1401
2448 5262
1233 6162
3717 4110
8934 8691
9756 6813
1452 8421
4881 5904
5397 2751
756 7671
9966 7791
4539 9816
4290 2430
105 1968
24 9213
7233 7833
9936 6636
9585 1683
2940 927
9507 6459
8487 1182
1938 7533
9684 1662
7089 3129
2052 7554
3819 5181
6207 3909
7182 6969
8904 7068
7863 8121
339 1761
4800 8022
624 4374
8979 45
7659 5847
4056 3552
9126 8874
4962 7266
6204 8226
366 9219
8427 471
8814 7296
5118 9765
4929 444
5892 7173
3342 1701
7371 7551
6537 1461
2901 8640
6813 4254
6114 6468
4314 6678
4944 429
1410 5175
6687 7821
2742 1413
4725 3768
8577 5784
6471 60
2460 3915
1059 1161
3051 3336
5277 9879
2031 5643
7308 7737
4989 2952
1140 453
8430 1950
4068 6285
267 9684
7311 3312
4077 7236
3540 3621
1296 4083
8928 2577
7185 5307
72 7149
3513 6147
2931 4974
3609 6609
7197 6300
9609 2682
3903 7995
3378 9342
9417 3909
8538 4758
8892 2775
3279 8316
5046 5943
7737 279
4545 6186
2745 4410
7929 2664
1248 228
3987 5370
7755 333
9912 7005
7023 6534
6474 3057
6243 5376
8850 1731
7671 5523
4077 5034
2499 6111
7587 1917
5358 3936
1908 3657
6030 5268
6321 1539
3270 5436
1293 1812
8841 3870
3930 2742
7560 6594
8451 6573
8007 3378
672 189
7884 4476
3135 6150
1194 2220
903 5454
7668 6312
6768 2349
4221 3564
4947 8394
2700 7161
7254 9678
8994 2247
5655 9420
6603 8139
123 5235
84 2769
7806 4677
3453 201
87 4989
1071 729
5661 9090
792 1314
4761 5127
8844 3363
1875 8862
4404 8007
1887 5718
4185 5196
5910 8976
5898 7461
4797 1293
4203 783
786 2667
7164 5331
9870 8310
3471 2325
2757 1521
2505 7164
8100 1983
3096 8571
8901 5415
2175 1287
2835 5763
4965 3213
5754 1158
8889 867
1149 8475
3522 5646
6006 8283
3024 3420
2055 3558
5028 2451
7803 2820
4539 1011
2118 2823
8883 1503
8745 6228
39 7590
741 1446
9510 9966
4164 5271
5229 7581
1239 5106
5532 7353
3756 7920
1404 972
9936 1443
7353 261
117 9846
5826 8739
6084 4833
6972 1323
3504 7332
1596 4296
1410 5109
8244 4377
8025 7191
2622 6126
7524 7434
2223 1950
3300 591
5013 3351
7599 8022
8124 6675
3585 3729
6255 4836
7293 5700
2325 6549
3834 1437
3051 2223
9816 5067
3651 1464
6099 243
5859 9387
6948 4884
6600 8109
1188 7224
6909 2448
7980 7956
3075 486
7830 9180
6051 8052
5337 78
3120 7584
8466 3648
8961 1641
2691 6912
5199 1770
543 5658
1047 9621
9693 3024
5748 2766
1974 9486
5229 5850
7125 3096
2142 6855
5535 2658
9306 5961
1593 1917
7668 1803
2403 3183
3363 3225
1878 6516
3540 414
7008 5931
4422 7218
8565 3519
3501 4098
8592 6096
3996 4077
8826 3294
405 8289
6222 1989
2982 537
9558 2691
5211 2130
9450 9510
465 9471
8382 1038
1998 3255
972 6306
8451 4521
6087 4689
9660 837
4527 3834
3123 4044
2292 4641
2478 630
6144 2190
2568 9420
1620 4248
8478 3348
5088 7284
8925 4296
5556 7389
6237 8016
3159 5394
6966 3732
1923 987
4233 7938
8892 5058
1521 189
2520 4131
2382 8856
7800 4308
8385 3012
1719 6297
8715 672
456 5463
6087 7146
4764 2097
4347 9393
2472 4356
5808 1086
4200 7653
9219 5574
1161 8406
6402 7194
9108 1542
5856 7398
7929 2853
9939 5082
7446 3150
579 5691
5847 7551
1131 2232
6456 6612
7578 300
2400 7755
8184 9909
3291 3762
5040 8919
630 8073
9039 1563
3123 5346
4374 8829
8646 7230
7749 7473
7281 723
2292 4896
1395 6600
87 9258
2580 2559
744 5061
4032 5049
5799 4662
5217 6192
7629 2574
1710 8826
234 1320
9354 2190
3237 4293
9591 3594
1590 6960
9402 1443
9357 6396
5928 4254
6048 6534
6669 3471
330 4182
4452 8991
801 7968
6579 279
9381 3720
1770 6783
2847 3963
5961 8982
2241 3924
9114 114
8214 123
7575 4566
3234 3096
9687 9546
8271 4269
465 3444
9324 5064
6399 4899
7482 5277
6159 228
3093 3093
417 8328
3867 501
1656 3126
2361 9294
7986 2595
9510 4665
3357 399
6435 1560
2961 2385
4368 9828
1734 3948
4884 6675
8289 3801
6642 6468
6585 5934
3609 879
5004 9480
486 4671
441 993
4983 4173
3183 6369
3465 5301
8217 663
6735 3663
8466 3582
324 9978
1344 8085
453 1461
3882 5589
2247 8118
4974 7773
2061 2478
9960 7503
3516 2499
3201 5376
4182 633
804 5367
2115 6915
3660 3675
2646 8766
9255 480
9012 9915
3990 3846
8817 2994
5367 3129
7278 6399
8613 9765
1488 8106
3162 5505
9225 4896
7809 1605
3411 6246
3003 4731
1143 6876
7533 7857
4260 2781
1755 987
8205 7203
7797 3702
5307 5451
2922 8943
6117 6717
2442 5337
1542 9510
1497 3846
867 3450
378 3222
8943 3870
6969 8394
1422 3672
957 7773
2610 8304
1386 9384
7422 4434
7986 8448
408 9702
7146 69
1674 5586
3147 780
3222 8013
6348 3738
7761 2853
9741 8172
8349 3252
2511 4245
2412 5700
1983 7509
1431 351
3399 4155
6315 8664
933 6261
4035 3807
4413 6648
2064 5367
3855 6357
4464 5418
1635 9162
420 8076
9837 1356
6096 6792
9876 1284
3837 72
1770 4368
1641 2268
7914 4650
4110 5334
1458 3315
9732 5211
7110 654
1998 4491
8292 1563
8739 4992
3771 7302
2166 3321
4629 9282
285 2145
525 6264
7899 6183
1944 8577
2460 1260
6345 9603
7452 8352
7311 2751
4950 4614
5256 3903
975 5682
4920 3954
2406 5346
5244 7986
366 9021
9267 2007
9996 1362
5181 4668
2745 1284
4728 3639
672 3816
6138 8613
660 315
4266 5271
2943 9378
9324 7092
7899 8640
5559 534
7281 5100
2181 1821
8583 6828
8505 987
2082 5262
6741 7041
8742 2391
7200 1176
4509 9351
9693 435
2544 597
8901 6585
243 9681
2619 2205
309 4299
9939 5271
8187 4734
3168 1629
318 9717
4212 9249
5757 6534
540 6117
8112 6546
4371 4812
6714 8493
3627 9498
8892 4671
1098 1722
7359 795
4590 7596
8241 7599
7080 3366
5127 3105
1533 8709
1344 1374
4356 8826
7209 4944
9798 9324
8007 2709
2064 1434
1788 2253
4296 9714
6591 3030
7272 7629
9486 54
8052 4788
3174 7809
5244 7194
4254 39
6621 5538
3096 1473
4305 7440
222 8709
6372 8217
7566 7968
828 7701
1659 9090
9582 408
9720 1281
5820 9582
8055 7314
3444 2277
9681 6951
2199 8667
6201 4026
9021 6612
7632 9840
9375 2451
4452 4992
1719 9198
8001 783
5733 4860
513 1287
7101 6942
8109 8718
2073 9201
6228 9003
8406 8187
8997 6147
2073 6168
8661 4212
2580 9648
5949 7080
1284 7176
2316 9309
2817 2421
9231 312
2517 4869
609 1116
6216 1422
693 63
4722 8091
6675 1707
1986 3432
4725 5127
1965 5295
1191 1242
6243 5433
3540 8121
2724 8730
1719 5010
7194 996
558 8361
2130 4995
2763 2952
7212 7173
3948 9528
3030 7911
9654 9813
543 7191
2289 8142
8943 4059
777 2928
9426 4701
9663 8586
1674 6822
6615 7533
1269 8988
5520 9252
3693 6390
2139 5838
7113 2067
2904 5412
6333 9540
4800 5664
3864 7440
3879 8997
3456 5925
4605 4671
3063 9606
5685 7518
9090 672
2097 9261
4002 4866
8157 6654
3972 4206
3585 3531
8898 5871
510 3873
768 8598
2475 8160
8655 8328
5238 3042
7686 1821
3909 2874
2316 933
9900 4863
7437 2514
2088 288
861 1326
2025 3615
6717 7557
7515 5322
7260 8250
5352 1050
3225 7281
576 5745
8064 7752
2892 6354
8733 2397
1389 8019
4095 7551
3858 1488
315 4428
1629 5493
1335 1074
5022 2757
8217 531
2706 9732
2601 7989
5619 3915
3081 2964
87 7395
639 7908
2862 9750
486 2445
6606 384
186 8340
3789 6168
7041 312
7311 1893
6996 798
1044 2709
4113 5511
3399 4707
8394 4257
3867 2826
2094 9060
1488 7035
8004 6960
4134 9771
5406 774
8352 9858
9168 4782
2175 4740
5862 2976
6555 7629
2508 4620
2151 9981
6621 4425
4305 6327
7746 141
5865 5610
9663 9312
2070 5562
9549 5763
6516 3621
8589 537
2799 5442
3891 9612
8445 9123
2640 201
7440 7389
8388 3930
7770 3063
4248 4665
1023 2784
1725 87
1422 6465
1269 36
4323 1806
4641 4596
396 4083
1182 6978
4284 6510
3546 165
9783 867
225 1986
8379 1602
873 9606
5295 5322
7752 915
501 4779
3636 8460
3369 3915
4635 8430
3594 6477
3993 66
6045 2292
9171 6648
3918 1878
258 69
7503 4533
7926 2421
6897 522
9393 8646
2283 1374
8124 6048
8397 3174
9519 8004
8940 3867
9726 4776
5328 2772
3048 6546
6207 6612
4113 3672
6969 1980
6759 7125
2889 9936
2889 1305
7959 6102
9069 3459
6978 753
5796 1830
1350 3276
2931 1716
3780 9060
3069 7773
5352 8205
9846 5487
7860 2043
2631 1131
5055 7164
1287 5556
366 8889
8802 5451
3912 1524
2268 4233
4386 360
1794 7989
9012 1770
2136 9675
1773 3207
1071 720
6330 2760
7665 8112
8178 3264
7824 3675
6960 7542
1050 4983
5907 7272
4353 6720
519 8730
7152 1821
1023 6543
2439 1203
216 8958
1284 4332
3342 216
5463 6477
5616 1323
5148 3204
8391 8862
9912 9237
7923 126
7059 3993
6090 2145
2124 1986
2304 9501
9465 1728
1254 9714
5514 9798
2952 3306
3981 7908
7215 9057
282 9783
2940 7389
4695 7665
9354 3294
777 1131
3000 1512
8799 8670
5592 7395
3216 90
3522 5529
750 210
705 7149
786 4068
2568 8685
7953 4677
2079 1812
4782 3096
1203 2178
4362 2244
6753 1950
3090 624
3114 981
8673 573
6957 9822
5562 1221
2721 6648
4278 264
723 2184
8046 3858
9639 1857
2367 9045
7242 1848
8163 8055
9660 3606
162 4776
1305 1263
8232 2937
4272 5037
1722 1551
651 4122
1482 4050
6279 1104
9420 4011
9321 7452
1551 5052
1953 6789
1569 7092
4368 6852
1104 9207
9213 7626
4185 9885
873 2895
8373 1233
7647 1092
3909 5520
1722 7041
108 2274
7212 612
7425 1659
4305 1026
3267 4740
5199 714
9906 9660
4272 1788
4464 4173
9768 4707
7101 636
2610 4857
3735 2751
183 8352
1974 4350
7053 9492
3816 9735
5853 8943
9270 7584
1827 4596
2436 3657
51 7149
4092 4422
4176 2844
7398 8628
5127 1605
4851 7857
7203 4188
768 2976
7497 6126
1803 2145
8466 2955
9228 7479
8097 3354
4461 882
906 4788
5622 5640
1218 9978
2763 7263
9702 5268
3489 4923
8334 1725
8406 7263
4887 8574
3288 6330
8163 42
9495 252
2022 5952
783 6495
7587 8742
1209 8064
2472 267
1350 3573
4932 5994
8991 3873
5706 7566
8703 4638
5757 8322
6192 1080
6630 2703
3003 3057
297 7137
2037 231
9834 1236
8055 108
5064 8220
3414 561
1698 6363
2703 3438
4635 3384
8160 9435
5352 8394
4593 1401
1305 7371
1200 1656
5427 6996
3531 5283
4785 7758
4470 2004
3453 1428
3 624
3432 6738
8487 8517
789 5505
660 1419
9663 5676
4833 5439
456 8742
8628 7446
543 5220
2508 876
9183 7668
6360 906
1659 9939
6888 3240
969 3342
561 5991
2823 3597
2448 8409
1704 6420
2451 7926
6372 1374
2466 6477
6444 5451
660 6909
9927 2874
8463 5019
9858 3003
2793 8040
1914 8889
2253 6369
9231 8274
4335 8703
834 4995
5247 7536
3951 900
1929 2229
6048 351
5685 2514
6096 4071
4110 627
6639 2778
2709 7524
2148 9177
2934 3441
6225 5124
6213 1623
7713 5322
5184 1710
6522 3132
3096 2685
9144 1044
3087 6837
6726 4359
5067 3525
3207 1506
9375 159
7725 1131
4419 42
8343 5610
5652 1182
6522 9669
8853 693
4653 4824
3015 3672
9732 1335
1977 3939
4029 4179
3588 8637
8493 5490
9420 9327
5241 537
8208 3291
2838 2403
4560 6969
5064 2301
2478 3588
5265 8478
4848 5157
5106 9882
4614 789
7668 573
6195 3918
8679 6030
7404 4701
8718 7944
7113 5949
537 3795
9852 7644
225 4203
3012 8598
4161 7344
3354 5595
6198 4566
3276 7890
8730 5739
9468 4914
6486 51
8862 3909
5274 3171
9063 435
2271 7782
1875 9768
7491 9894
9831 4710
8754 1077
6042 6426
9885 6636
9045 9399
9033 5898
5757 2766
3021 4752
4836 4113
4908 3198
1881 9438
4056 3921
1053 9552
12 9585
5283 7956
5292 7281
3099 8994
2043 576
8394 8247
6177 9108
1488 6366
6849 8454
495 6147
9939 7932
7509 7746
4584 7581
4095 708
3069 8943
213 18
9597 3738
7617 2031
7266 1050
6099 7323
3816 9816
9888 4560
8040 3036
9198 5574
9459 4383
7812 405
8937 2766
7977 8874
609 3522
7056 1590
3999 2703
231 1095
8061 4263
1743 8820
4902 2736
5829 2601
3183 5823
8979 669
4008 3462
4911 2970
5463 5661
1650 1395
8157 3678
7677 72
3126 4242
2379 4722
5280 63
3750 4335
9696 9291
9975 3522
7437 2571
8046 1632
3237 1077
8880 3255
642 558
7629 297
24 3663
8310 924
27 5358
3120 9537
1002 312
7194 7953
2934 4422
8085 5946
9231 7161
9630 3231
8979 4173
4734 9810
1950 4437
5748 5658
2253 9807
4929 4572
1353 7830
2157 9870
4254 7143
2607 8349
5148 8817
5943 915
84 5232
1146 1380
8220 5208
2757 4092
5307 2919
3240 7215
2550 8754
6309 8556
7281 7440
5163 4860
4626 2706
4722 3168
9930 3240
1533 6606
8766 9555
6354 4542
9105 2568
192 9087
9507 2319
1833 1650
9654 3012
9114 3327
4134 8781
8619 6768
4260 4692
8172 8937
1665 4173
2358 4854
2778 3225
9714 9600
8283 1305
828 0
5574 8349
9867 1965
9132 6471
8997 6246
7770 7092
6732 7854
6768 5067
1959 2526
3456 63
2418 2811
4770 3306
4149 2730
9978 3903
6762 822
1875 1071
7794 969
7152 5703
5259 9132
2661 2946
861 5142
1950 1659
6501 8631
3660 4902
4629 105
1659 2907
6846 6828
6369 9909
8640 9513
2553 3120
4953 2646
9486 7992
6621 7878
4272 9603
5898 9240
8835 2289
4986 1776
6834 294
930 8103
5541 5970
7050 7008
7158 6807
5460 2598
9816 8577
3606 9927
6 3702
51 735
3156 8415
8961 7245
8691 5169
9834 4137
7716 1557
4212 9858
9966 1812
5310 3714
6939 6066
1545 1623
3648 4797
5310 2667
2904 9483
8871 3945
1236 9849
6942 2055
6819 9798
3693 7428
6174 4398
4689 7689
4434 4659
1230 7065
2259 5517
6459 366
7761 2094
6876 654
1785 1167
4725 8514
2103 1971
1989 9039
3624 2346
4611 801
5481 6282
8418 1317
3855 0
1203 933
9636 5037
6111 972
1587 1044
6783 8949
8892 9723
2292 567
1971 9786
1008 1596
2580 2202
4233 4911
9288 540
2055 102
1776 6837
8553 7032
8706 6042
3006 2310
2949 7926
9855 6774
3711 1833
5541 3192
4770 8004
2715 4992
8121 8277
2364 4011
6321 8487
2517 3021
2886 6042
6195 1437
465 9840
3168 507
2490 3561
6918 9645
165 5643
2112 6126
9030 9441
8883 8196
4809 654
4788 5964
1782 6894
3024 2421
3501 3312
4851 6249
1386 249
4305 9459
852 8946
3963 1128
9186 276
3222 9495
9915 6801
8100 1815
8703 5232
9426 1914
1548 5616
1059 2190
1590 6027
6573 90
4716 5916
1455 9774
9030 3267
6129 6465
84 978
3573 7335
7854 6081
6765 3414
3864 5592
5607 876
6498 855
111 5541
4056 9963
9462 7098
2520 2406
3882 2199
4914 4332
5757 7761
7257 2829
9075 7332
7518 9249
2523 3054
4524 9021
396 7107
8061 7956
8193 8112
222 3507
3090 5124
9435 4605
1749 9066
2556 6651
9063 6948
7356 5925
1425 8676
2223 8427
1950 1593
7371 9882
5592 6768
5382 771
3912 1152
7509 8769
3387 2499
6696 1341
9663 7101
3990 3960
2649 5916
9273 7818
3444 0
9906 1086
57 1467
9468 594
5340 7836
4677 5277
8574 354
6276 6474
6123 1011
7833 2076
1461 3135
867 2625
1056 3315
7938 4758
2451 5271
462 6777
6003 6729
3990 6417
1221 1581
1587 4119
9297 3987
9183 4905
5415 1311
6927 9036
2751 5388
2658 7146
4119 825
8277 7314
1410 7869
5760 33
7134 7299
5298 1665
2148 924
9267 9450
6447 2397
5535 5055
3303 4854
4029 7698
8160 498
3495 5778
1329 3450
2466 9312
936 6939
7923 2211
1890 9381
9786 4272
1926 6594
8385 3999
3039 1482
4350 3030
8649 8475
9849 6957
2820 3774
7269 6009
7983 8799
2178 6522
4425 2571
5640 3657
1359 3450
9894 7602
2139 1575
366 5631
1245 3321
5190 7743
7521 753
9933 8469
4602 6297
9540 846
4434 5895
7911 120
5640 516
5985 5883
5085 3906
1461 5955
828 4056
2187 1629
5103 1974
8706 1788
2961 1023
9339 9837
5292 8814
9951 6429
8007 1521
3600 2178
957 5109
2805 1449
7653 1932
3768 1725
1047 7254
3468 975
1929 5427
4281 3744
2784 1740
3147 8733
7347 5568
6402 8544
891 5694
354 1554
2688 9387
126 5073
666 8730
2583 5658
4059 9000
9336 1029
3756 6747
8472 4896
6708 333
5298 7410
9759 4515
1305 8838
3774 3768
9333 5346
7509 5199
9936 6807
237 1800
6678 6210
8136 372
2979 9162
6033 810
3108 645
6105 9546
7437 2586
2331 7140
5889 2751
8910 3378
2346 1527
3144 9909
3858 7266
2454 7476
957 7458
1251 3246
5874 1167
3690 2205
9426 9795
2058 8415
5217 6495
8085 942
2469 4980
9654 5229
6297 3192
7959 4509
3486 5529
7629 3816
4812 7614
1290 1080
528 528
5199 3630
9468 528
4782 8940
7803 6561
7113 8100
8424 1017
6921 9327
1575 2646
7251 6987
6456 7278
2370 4866
5346 5454
8259 4104
8289 4212
6066 3336
54 5196
4401 9369
411 6894
927 1563
1584 6522
8991 468
3657 5424
1749 1671
4527 6741
8001 5916
720 9342
6219 252
9018 3459
9297 4860
7104 4587
6051 6303
2418 8532
8757 2637
3387 1749
6294 6438
3897 8415
1662 3072
9069 1182
15 7725
3723 651
4674 9504
603 6663
2676 3579
6153 8421
3474 1344
3888 8043
4197 9552
2676 4518
5487 7779
1074 2232
6258 2472
375 6432
4260 5178
7935 1374
5283 321
3015 9582
9591 9750
4773 7389
642 9930
4272 7632
7641 6525
1476 936
1431 5889
3168 2361
3087 9606
1719 4077
7290 525
39 8553
591 9066
9402 5505
7848 8400
1656 2745
5697 7629
450 9063
4407 8880
963 9813
1620 5424
4113 711
4785 8688
8658 9558
6168 5157
9759 2931
561 384
3903 9468
4641 12
576 2355
3024 3120
7332 1932
3636 3876
7464 3054
4305 1527
5640 2907
906 7599
5409 9390
6450 4173
2214 999
1815 2751
9003 36
4008 2472
2910 7155
1446 144
8013 1512
7581 5790
1146 4578
2937 2562
8781 6753
636 6462
5823 6411
8316 2223
1029 6393
9699 7323
5010 7062
6777 4689
2094 72
6639 2769
9156 7569
9597 78
471 5055
309 4239
4734 8820
4665 4785
7518 378
585 3585
7803 4977
6750 2721
5373 4791
8523 5532
4056 3657
7989 5598
3357 5871
5946 5592
63 6105
4686 7473
4614 3921
5796 4830
8949 4593
5109 1419
3690 8676
4500 1311
9174 8094
3435 8571
474 4548
4545 5928
3063 8928
5835 2169
4473 7257
7677 2370
624 291
1236 4053
1692 6282
1788 8730
8472 8697
2538 7767
4446 4350
1146 2847
3186 1572
9819 813
3831 2505
1539 2778
3531 4953
3612 1680
3252 7524
3936 3726
2172 3630
36 3396
6624 5604
6297 7461
1101 5706
2901 2463
2016 7668
5832 9990
2073 1557
216 1233
7392 1662
2898 6366
5907 9117
5979 2052
3606 414
8508 1722
3129 9645
7515 1503
8292 4578
2520 906
4077 5139
3621 4896
5601 5748
3933 9561
7713 8025
3114 7014
3816 2331
6159 2814
9531 8586
4572 2085
5922 8994
9654 4263
1188 7758
8466 5229
5184 4305
402 3816
5847 6312
6477 2049
4563 8802
3543 78
2271 9075
8463 8085
8673 3465
6261 1899
9015 6612
5715 3123
192 5211
3612 7533
2643 7671
2040 9327
7269 642
5517 6033
7422 3624
3855 2043
2502 9129
606 7416
2469 6471
2505 4704
4449 3159
3432 2583
7023 2343
8709 7215
1347 4152
6594 2166
501 6087
1776 7941
9465 4983
9525 5034
7008 759
4530 4023
3525 1764
6474 6450
3492 7737
7155 5616
6267 495
3075 6402
2154 1104
3993 6972
840 8643
7038 786
102 6462
7896 1800
1452 9399
7056 6024
4986 8625
4578 9288
4401 1290
693 6903
852 480
9102 4005
8742 9849
7665 4038
7659 8919
111 216
7521 8460
5589 9039
2409 5652
7206 720
3825 312
6414 4692
3183 9210
1920 9396
7716 8406
4767 1239
2337 7698
3609 687
1356 3810
3639 2256
6636 2526
7314 7608
4473 1701
9543 9201
2406 4536
3339 45
405 2541
1392 5160
2781 8799
7284 1434
2247 4893
4140 444
576 2544
5889 9048
8088 936
21 7920
2739 7755
3756 6870
2340 1593
1104 5817
5904 7572
9402 9090
6747 2370
3300 7233
5301 2583
8826 8634
7290 1077
5460 8763
2427 1188
1095 4950
7368 3885
2610 8220
5901 5244
6603 5250
9741 2490
546 2907
7788 5676
3099 3429
7953 1542
9771 8031
2643 705
6366 2799
2850 3627
9522 2079
8706 9858
5580 7488
8811 4956
270 4665
4587 5283
3618 237
7275 8430
1986 6447
5004 7557
8751 3858
4797 1077
1767 3636
1488 8385
8076 8415
3633 9378
8409 9756
6804 4314
1797 3249
3822 7587
5661 6780
4092 1032
7416 906
1752 8202
5874 9813
2433 2184
9996 7452
7227 1155
7356 1794
9195 4959
5652 5913
7419 5526
7875 2130
222 315
3267 2760
6945 5643
7602 8616
2043 393
5463 4176
8259 2241
5640 9996
624 7125
2988 9468
9984 9441
5082 6672
8277 8418
8253 7041
5118 3885
2031 4890
7173 1161
1044 4422
7362 3837
4155 576
1116 7479
5124 8022
5754 1773
9909 8745
5316 1776
1020 2523
7542 1674
3921 2745
1797 2565
2829 6159
2523 225
1965 6579
3756 6549
2097 3537
4497 3780
2031 7347
9180 1257
360 3537
8220 8274
3318 9477
4230 174
7392 8388
3717 7008
5604 7440
2118 297
2436 3087
7329 7056
2883 6516
8235 8784
5988 5565
5004 4671
5826 3288
5172 6699
3699 4860
2802 6564
7938 3084
7086 7005
114 5817
7134 7719
4797 3789
1893 300
8832 3297
2961 4113
2364 1908
27 2142
2262 3846
8442 4014
873 3627
1308 9180
1248 6951
7020 7590
8121 5127
7188 9123
744 6105
990 1179
5067 9921
5358 42
3825 8769
1506 1998
9153 7674
810 9879
6180 150
5001 2922
2637 1104
9453 9363
3810 2718
3006 2664
1485 4275
8940 7566
8412 7935
9339 5814
6366 276
579 8145
4944 1341
4524 9120
3834 2523
8247 9036
8886 8205
225 450
9156 7800
4968 2637
9255 6759
7359 5046
6648 3759
3234 8799
1233 7329
9828 7560
9639 7395
1977 8241
0 453
5700 6171
5595 5889
3795 6099
87 3081
8712 7944
4419 4236
8292 942
9861 45
9477 5532
8520 7185
7587 7017
9447 7575
8955 468
1332 4689
2265 198
3417 9795
4083 5226
963 621
4500 5514
1989 8601
4575 2655
3687 6165
5373 3867
8151 6951
2091 5616
9930 3420
4503 8148
8013 7017
6096 8628
6834 9789
2892 9048
168 4443
3456 4431
168 6429
990 9018
1479 2793
4722 2301
2376 7182
1953 4635
1371 981
6231 2787
4359 4878
7215 3186
6033 4263
6231 4773
3762 687
141 8403
9183 345
1239 4245
177 2169
8301 9756
8547 8994
1800 8190
441 3447
1509 9438
5196 7674
1734 5355
4170 633
4044 3675
7407 5463
4077 9450
8691 9537
3921 1740
714 465
8661 7416
3645 8517
8652 951
114 6327
9381 831
1206 6525
1758 5052
8991 6015
3198 2055
1644 1503
4089 4212
1833 4179
3075 7317
4770 3378
3429 6354
6531 2688
2781 6318
6573 8283
8316 3072
3801 2469
8694 4452
3327 7245
5751 7128
7446 5175
3924 819
5646 5385
3657 8877
8382 2379
8937 7068
7836 9036
9369 9465
8550 6393
1545 9495
7575 6228
2862 3129
9084 4233
3018 2595
12 3525
8940 2010
1512 9210
4512 8694
8067 4596
7764 7002
4782 4125
7401 534
5322 3315
1299 7116
153 6618
6261 8667
9711 840
8451 2721
5283 4821
2019 5190
6699 1467
9297 3186
2745 1389
5241 3363
3792 6540
3000 8031
5847 2355
6246 8022
6249 9717
8085 570
8052 7563
8871 9615
8745 3060
4860 2853
2895 4716
5670 8091
1716 5310
7965 1407
1848 2985
1218 603
8745 2013
3762 3291
8646 987
3183 1857
3561 2712
8979 5334
2799 699
4698 1929
1380 5970
915 5382
3840 3066
1056 4863
1818 948
7203 4854
9243 1098
4635 2748
9912 5394
3033 2973
519 5826
7599 1821
1026 7320
7251 4521
9768 1185
8622 8106
5745 7689
2577 1158
4686 1932
3774 618
6924 3345
1776 9474
174 5010
3498 5409
1569 6966
447 675
1371 4995
9087 9081
2136 597
6585 4818
2481 5247
4905 7833
1101 2367
8073 2535
9438 7029
1482 9414
6762 7110
855 96
5067 432
6003 2103
7995 6264
7692 3045
87 6411
8253 372
6525 2673
1299 2244
3873 3606
8928 1221
3615 867
7530 9813
5823 7770
3624 6285
4407 3018
8730 6834
2028 9708
2544 8541
6699 2193
900 9264
3222 4440
8487 1599
8631 5256
8583 2061
8844 6303
8097 5322
6003 4560
2040 9129
1281 6633
441 8871
432 9051
339 8823
5499 8706
6600 6243
576 6063
8499 3006
8973 6309
4437 9030
3477 357
3936 7287
2211 8085
9747 4656
948 1626
3522 2988
3618 4911
8112 9363
9294 3627
4770 7863
4995 8247
6657 6117
6135 9159
6528 1011
5643 6216
1773 7566
420 8007
7206 3555
6165 2127
1452 1509
3936 6132
2340 5583
5628 3585
4671 7224
9141 8121
7482 3840
2169 5472
3315 2523
6642 8064
9636 3633
7053 7635
2442 4584
114 8610
5556 9603
9063 5397
9825 9921
7356 6360
5355 2379
7215 2220
1821 975
8787 6024
3255 8484
9189 9939
6018 6372
1281 2916
9486 9408
8799 8478
8223 2949
9642 9921
6072 2178
3429 945
1266 312
507 6447
8208 8976
4899 8148
9180 9072
4431 8568
4197 2214
4725 6534
315 7674
9978 192
6741 9066
4095 6138
7950 1218
5715 2025
4164 9621
7275 5775
7392 2913
6024 4995
3990 9993
4578 1761
7923 2283
9708 7134
6552 4104
5058 7767
6135 783
1572 1644
8748 5520
6924 7359
9882 3234
7824 2691
4140 4689
234 3642
3408 8712
189 6114
2916 3783
6114 5046
6687 4413
9636 2949
2268 4767
8760 1329
8916 1842
1056 2703
2439 7803
8022 5766
1599 8055
7779 1578
5919 7695
8997 6870
5232 4779
3 861
3348 1383
2439 4770
5052 9507
7425 4500
7245 597
3468 7800
8451 3849
9294 5292
8100 882
813 5052
7809 4611
534 5637
5334 6897
8283 5433
5736 6648
9984 4692
2451 6177
2490 7071
2082 3570
948 9828
5043 948
459 2955
501 1380
1554 2175
3078 2259
7068 267
1866 7365
1740 6960
5391 2799
2562 7068
1239 2019
4224 4413
2340 8187
1287 747
6147 2553
6276 3192
9084 3738
9774 4710
3393 5424
8112 7779
1617 6516
6384 9555
4728 4296
9969 3084
5046 7086
3606 5424
9951 7911
171 6177
7062 3993
6651 6408
2604 5385
9087 6345
9546 8091
9828 6528
399 9747
933 5187
1788 3486
1419 5346
786 3447
5247 9183
6630 7638
6261 7017
1404 1281
7137 1440
7713 324
9996 7401
1281 7977
1593 924
5853 483
2298 1908
3084 2817
7965 5463
7722 7728
8193 9528
9126 5037
5010 6624
3561 1170
627 4191
6822 6882
5385 7440
1704 3771
849 1005
6795 1797
9735 2499
6399 3288
696 6132
9288 4668
7149 7398
3087 5343
6222 888
8835 3639
2883 1083
3843 3111
8841 5376
9717 351
7656 1752
9054 8409
8031 3063
9732 6486
441 6966
9852 9291
9549 9519
4356 7281
1395 5244
2061 867
5493 8676
4896 6471
4956 4536
9018 6096
4794 2259
9627 5682
2199 3726
1662 4770
7668 8757
7389 7881
3975 8757
6591 9069
4476 7992
3357 8829
450 7257
7440 6018
6660 6846
6405 3816
6885 9408
4545 7947
9546 8709
6186 7155
3963 129
5406 9444
9312 2880
4377 7353
3990 4692
4191 1713
9855 1587
9402 9189
9438 8883
6804 6975
9876 5847
1101 3174
4719 9453
5139 4377
7209 1776
2274 4263
3363 4944
6831 3816
174 1737
1167 495
399 6285
663 2130
5622 3972
8949 3363
1050 2310
4302 2604
2271 3147
8055 9273
636 4656
9459 2418
9015 2670
1566 2577
9441 2778
2889 981
8037 1002
5301 1527
5187 2445
8136 7131
7596 1296
6780 3891
3084 402
4323 3831
5463 4743
9234 8571
2637 4557
483 105
3270 6981
5292 2646
4374 8199
4479 3297
8928 3546
9783 1845
4437 1314
4371 4932
8328 2763
5361 7068
7338 4239
798 3765
2880 8637
1866 9756
7644 5514
8253 2589
1269 906
2397 4962
6657 5046
5886 4674
225 870
6078 9045
6405 3024
7500 8889
336 1869
6645 8109
9852 9909
7947 5673
6357 7413
4824 5523
567 984
420 9861
141 8460
2040 5748
8184 4044
1272 8091
2910 5604
7389 1854
6702 5583
9393 7530
7638 609
6738 2796
2190 8661
3069 9798
2988 8412
5457 3342
8184 2997
6924 8850
2781 3918
3333 459
8988 8649
7296 3474
1248 5640
12 1233
6120 1821
6312 6192
5340 663
756 6117
357 8586
2010 4650
6576 7470
9129 9978
9621 8454
6366 12
750 1872
6276 1287
267 8814
7896 7791
7965 1209
2268 4164
7383 2022
3627 7887
5373 207
6639 6708
6708 2112
4584 9846
9954 9273
1626 2859
4239 8616
5958 8481
1410 3729
2877 5790
1554 741
9045 4443
5841 6849
4827 1323
4767 5244
1716 3957
5565 1023
1284 4263
6912 5712
8121 567
5139 1854
4089 6726
7107 3672
2616 2901
102 4293
1989 2739
7035 9165
2952 4284
5328 2958
6105 2586
8985 6684
1194 3444
1749 7638
9027 1662
7977 9045
888 5094
3198 3414
8829 9261
8544 912
5937 4062
5706 1389
5487 564
1371 8301
5745 5289
6426 7902
4848 348
8139 2031
7335 6666
9018 687
7770 8055
6165 627
4635 4899
600 9363
5919 3375
2961 7500
3663 2817
6018 1368
3432 2655
6183 2667
117 7674
420 9432
9777 2661
7287 6891
2598 8616
9750 5682
2802 5871
4218 4503
8316 9921
2454 1926
3882 87
633 7446
4344 6039
9786 7032
1503 5316
8127 4020
6378 5178
8145 4791
4941 7197
714 6738
8085 2976
8670 1680
3033 7581
8265 3846
9822 4632
6666 5766
2079 4092
3618 8685
3711 5466
546 9261
7941 9054
6573 6972
63 6111
3936 6981
9387 2610
8865 4191
3330 6942
2091 5499
2283 9870
3900 8721
6801 9495
7179 8889
9567 9078
7167 7566
3393 7641
9714 9771
3441 9375
7770 8310
7245 6210
7164 4824
3129 7302
9729 2202
5958 1986
1770 2007
4437 5583
3291 2382
2295 4632
8910 4728
1818 1260
4335 1371
4980 843
7956 9870
7920 8190
4869 7428
4353 6114
5466 1002
3108 1887
1521 9789
2496 4743
4548 8955
8340 303
9828 6651
1848 4707
270 5784
4845 510
3900 5472
1563 7692
1446 1923
6609 3501
5520 1359
7581 7569
8061 4005
6891 4419
4116 1569
588 7527
4332 4311
6042 3390
5667 2052
1833 8721
357 5379
4338 9495
7401 7638
768 8397
1716 4938
387 8934
642 1347
4521 3954
3564 7593
6045 9996
3447 1824
9801 4131
2127 9612
9276 2997
4083 7929
2694 9171
2400 6738
8733 9888
486 7371
2124 2898
1584 1227
7497 7467
5040 3243
1929 1905
7017 414
1113 9684
7875 8847
8865 8997
3834 930
7614 3558
8253 4188
8418 4521
2886 2817
6924 6006
8115 4254
6315 4464
3171 1488
3066 1206
3783 8697
5796 5562
8019 5943
9225 3045
2919 3933
5013 1689
6150 6090
5331 1032
9639 3816
3654 5550
8508 3138
7683 6933
501 4215
7110 5085
1797 4731
2499 48
804 5973
6519 6078
972 1356
915 2808
3363 2718
228 3009
5376 3555
639 4566
2502 6102
2559 4650
4341 9984
2307 7812
