1000
1000000
50
0 18
1 45
4 22
4 30
4 9
5 31
5 49
8 46
9 32
9 45
9 14
10 15
11 44
11 33
15 12
17 13
17 49
18 27
18 19
21 13
22 6
23 23
24 34
24 5
25 8
27 50
28 37
30 46
31 22
32 1
34 9
35 28
35 13
36 24
37 27
39 45
39 47
39 14
46 33
46 19
48 14
48 30
51 34
52 2
53 47
53 11
53 27
54 45
55 29
56 44
57 44
59 11
59 32
59 18
60 36
60 47
63 21
64 1
65 43
65 44
67 30
68 6
68 22
69 5
70 21
70 48
71 48
72 37
74 8
77 4
78 4
80 23
80 16
80 30
81 14
82 13
82 46
83 50
83 12
84 26
84 4
85 6
85 7
85 18
86 11
88 26
88 49
88 47
89 6
92 28
93 21
93 1
93 31
94 17
94 49
94 33
95 16
96 10
96 47
99 18
100 28
101 21
101 1
105 44
105 16
106 45
106 22
106 22
108 17
110 22
111 45
111 5
112 18
112 37
113 14
114 50
115 10
117 31
117 50
118 25
119 9
119 1
120 49
120 41
120 15
122 20
122 39
122 12
125 26
125 35
126 40
126 5
128 48
129 26
130 43
130 35
130 8
131 32
133 5
135 23
135 47
137 33
137 9
138 19
138 39
138 37
139 28
140 49
141 28
141 43
143 28
145 38
146 43
146 43
149 14
149 19
149 45
150 33
152 38
153 34
155 36
156 17
157 47
158 20
159 38
160 39
161 22
162 10
164 33
165 4
165 13
166 47
168 32
169 39
170 13
170 17
171 46
171 15
171 35
173 3
174 15
174 8
176 28
176 50
178 14
178 29
178 32
180 33
180 48
181 47
183 20
184 25
184 42
185 4
185 49
186 33
186 22
186 10
187 4
187 47
189 49
190 18
191 1
192 40
193 18
193 23
198 8
200 41
202 11
202 37
204 9
205 44
205 2
206 2
207 7
209 30
210 20
210 31
211 15
212 33
213 20
213 28
214 12
214 20
215 36
215 18
215 16
215 43
217 10
219 4
220 30
220 13
220 6
221 46
221 18
221 16
221 25
222 27
222 50
224 26
226 22
226 11
226 40
227 29
227 40
228 5
228 3
230 36
233 8
234 46
235 7
237 45
237 11
238 4
239 48
239 27
239 28
242 23
242 44
243 32
243 48
243 50
244 2
244 29
245 43
245 49
246 29
247 4
249 25
250 13
251 26
252 1
252 28
253 40
253 26
254 8
254 11
254 22
254 19
255 41
255 40
256 29
258 18
259 7
259 44
259 17
260 18
260 32
261 49
261 7
262 50
262 40
263 37
266 2
266 24
268 37
271 14
271 3
272 34
272 26
273 23
273 22
275 40
275 16
275 31
276 32
277 32
278 49
279 45
280 37
280 14
282 50
282 30
286 25
286 5
288 34
288 23
290 12
291 4
292 28
292 11
293 29
294 32
295 31
295 41
296 12
296 36
299 23
300 39
302 15
302 13
303 24
308 13
309 45
309 35
310 24
311 23
311 39
314 48
314 19
315 48
316 50
316 6
316 32
316 30
318 36
319 12
319 4
319 28
324 43
325 8
328 13
328 34
330 30
330 50
333 44
333 44
335 12
338 43
338 15
339 38
339 21
341 32
346 4
346 2
346 23
346 27
348 26
348 45
350 31
350 30
351 26
351 50
352 18
352 50
353 26
354 2
358 34
359 33
359 13
361 3
361 44
363 45
363 31
364 23
364 3
365 50
366 43
366 33
366 19
367 29
367 42
369 9
370 23
371 41
371 42
372 20
372 39
372 20
372 25
376 42
377 24
377 34
377 42
378 50
379 3
380 13
382 2
383 22
383 39
383 29
385 42
385 25
385 15
387 3
388 42
389 20
389 30
390 25
392 32
392 16
392 38
396 4
396 45
397 45
398 17
399 20
399 9
399 30
403 34
405 14
406 4
406 8
406 13
407 27
407 13
407 50
409 49
409 16
409 29
410 21
410 23
411 12
413 15
414 6
414 8
414 26
415 47
416 17
417 24
419 15
420 36
422 1
422 41
425 41
425 6
427 24
427 43
429 4
430 45
431 15
431 34
431 35
432 9
432 9
434 30
434 43
434 1
435 18
437 2
437 44
440 20
440 28
441 6
442 44
443 14
444 8
444 48
445 33
446 28
448 22
449 37
451 42
451 39
451 24
452 2
452 3
453 1
455 12
456 6
456 42
456 8
457 48
458 44
458 24
459 35
460 9
462 9
466 32
467 25
468 46
468 10
469 17
470 19
471 20
471 25
471 40
471 2
472 46
472 37
472 28
473 3
473 1
475 41
475 34
475 39
476 5
477 38
477 8
477 41
479 26
480 38
481 5
481 30
482 18
484 37
484 43
486 48
488 7
491 11
493 33
493 31
495 47
495 20
497 12
497 23
498 9
500 22
503 37
503 2
511 46
511 4
511 47
511 36
511 21
512 3
512 33
513 14
514 2
519 29
520 26
522 2
522 8
523 47
523 23
523 32
524 25
524 28
525 40
525 45
526 6
526 20
527 38
527 3
528 23
529 46
531 20
532 7
532 6
532 29
533 33
533 26
533 18
535 29
537 42
537 19
538 12
542 33
543 48
544 6
544 48
544 39
544 13
545 46
547 12
547 7
552 9
553 14
554 27
555 45
555 25
555 40
555 10
556 42
556 5
557 4
557 2
558 8
558 39
559 48
560 23
560 31
562 31
562 43
562 32
567 27
568 6
569 1
569 42
570 45
570 37
571 1
574 24
574 44
576 40
578 21
578 12
583 29
583 29
584 42
585 6
589 25
590 17
591 17
593 13
594 15
596 50
597 22
598 22
603 7
604 4
604 36
605 29
605 30
605 40
607 4
608 30
608 39
612 29
613 6
613 44
615 28
617 37
617 40
617 16
617 45
618 14
619 12
619 6
620 25
620 48
621 7
626 47
626 3
626 32
627 22
628 46
630 49
631 19
633 33
633 45
634 47
636 10
641 28
641 24
642 26
645 4
646 35
647 13
648 38
649 45
649 33
649 25
651 30
652 12
652 35
653 25
655 6
655 5
656 5
657 47
658 9
659 16
660 45
662 27
662 35
663 22
663 5
663 15
665 5
665 9
665 17
666 20
668 36
669 10
672 31
672 11
673 15
674 32
674 26
674 31
675 6
675 16
675 44
679 20
679 3
681 17
681 46
682 45
685 5
686 13
687 26
687 31
688 32
689 9
690 16
692 16
692 22
693 32
693 35
693 36
694 5
694 30
696 44
697 13
697 30
698 21
699 20
700 7
700 35
701 37
704 9
705 4
708 13
708 14
709 43
711 10
717 17
717 23
717 20
718 40
719 45
720 15
721 30
722 50
724 6
727 25
727 4
730 46
730 1
731 2
734 4
734 49
735 43
735 34
735 31
736 3
737 11
737 43
737 14
739 29
740 49
740 8
741 16
742 32
742 9
743 8
744 36
747 20
748 24
748 1
748 49
748 4
749 16
752 49
753 49
754 1
759 19
759 6
760 17
760 32
760 40
761 16
763 36
766 18
766 16
768 6
769 38
770 38
771 4
772 37
773 10
773 31
775 13
776 14
777 38
777 33
779 36
780 38
782 45
784 6
784 46
787 13
787 33
788 18
789 2
790 3
792 23
793 8
794 31
795 49
797 10
798 18
800 9
800 18
800 6
801 32
801 10
802 20
802 47
803 49
805 31
805 26
806 26
806 27
807 23
807 49
807 1
808 38
811 46
811 27
812 31
813 19
813 26
813 39
815 8
815 21
816 3
818 7
821 16
823 25
823 20
824 12
824 13
825 26
826 49
834 44
834 20
835 21
835 7
835 10
836 47
837 35
838 6
839 40
839 30
841 41
843 26
845 24
846 5
847 2
848 32
849 15
850 34
851 24
852 26
852 35
853 45
856 4
857 23
857 2
858 22
859 22
861 39
863 13
864 34
864 22
865 14
865 9
866 16
866 37
867 49
868 44
869 34
869 49
871 8
874 44
874 39
875 7
877 32
878 20
881 24
881 21
887 22
888 15
889 28
889 40
890 12
891 29
891 34
893 4
894 16
895 10
896 12
897 6
901 50
901 28
902 3
902 42
903 28
904 7
905 20
905 41
906 18
907 18
908 14
909 15
909 3
910 23
913 27
913 47
914 47
914 15
915 16
916 18
916 48
916 14
917 33
919 43
920 27
921 15
924 29
925 17
925 45
926 31
928 48
928 45
931 7
931 44
932 2
937 35
939 38
940 34
940 20
941 15
942 17
945 17
947 27
948 35
948 1
950 10
955 8
956 50
956 17
956 12
958 6
958 44
958 45
961 49
964 47
967 8
967 41
967 16
967 49
967 22
968 11
968 27
968 26
969 3
970 48
970 21
970 42
972 13
975 48
976 15
977 39
978 19
979 36
979 19
980 39
981 25
981 36
984 8
984 18
985 9
985 39
986 42
986 14
987 27
988 5
989 35
990 27
991 1
991 10
993 2
997 34
998 22
998 31
998 6
998 4
