1000
250 260
100 730
950 900
600 540
650 370
550 710
500 700
100 510
200 170
650 150
950 500
800 830
450 470
100 110
500 300
300 800
250 790
750 600
400 240
450 70
650 900
800 430
150 870
850 40
100 860
750 200
600 670
650 500
200 300
400 990
700 110
100 460
900 800
550 440
600 270
650 100
50 630
450 600
100 240
150 70
350 760
0 400
850 570
950 230
300 750
750 730
450 200
350 360
400 190
0 0
100 990
600 800
650 630
550 790
150 600
250 120
50 760
700 240
550 570
450 730
500 560
200 30
400 720
0 530
900 530
550 170
600 0
850 520
450 330
500 160
700 990
350 490
400 320
900 130
700 770
300 480
800 290
650 760
550 920
200 560
250 250
700 370
100 720
750 60
650 360
500 690
150 330
200 160
400 850
50 490
100 320
900 660
950 490
450 460
500 290
0 260
900 260
950 90
800 420
650 890
350 220
150 860
200 690
850 30
250 380
300 210
750 190
800 20
650 490
500 820
550 650
200 290
150 460
700 100
400 980
900 790
950 620
650 90
0 610
800 950
850 780
500 420
450 590
550 250
400 580
50 220
550 30
300 740
950 220
0 210
850 380
350 350
400 180
200 820
600 790
700 450
150 590
200 420
50 750
450 940
950 750
600 390
500 550
150 190
350 880
50 350
450 540
300 870
800 680
850 510
700 980
350 480
400 310
200 950
150 940
650 750
700 580
350 80
600 740
300 70
100 710
150 540
600 520
500 680
150 320
200 150
550 510
400 840
50 480
100 310
900 650
950 480
850 640
350 610
50 80
450 270
950 80
0 70
450 50
350 210
400 40
600 870
750 400
100 840
150 670
650 480
700 310
50 830
550 640
50 610
100 440
600 250
0 600
550 240
450 400
100 40
950 210
300 730
0 200
850 370
500 10
350 340
400 170
200 810
250 500
300 330
100 970
650 610
500 940
600 600
450 930
100 570
150 400
950 740
0 730
900 730
500 540
200 10
550 370
400 700
450 530
950 340
300 860
350 690
0 330
850 500
900 330
250 850
500 140
450 130
900 110
850 100
650 740
700 570
750 260
550 900
600 730
250 230
100 700
500 890
950 870
50 690
500 670
900 860
550 500
200 140
600 330
450 660
100 300
150 130
600 110
300 990
850 630
500 270
50 70
300 590
350 420
0 60
200 890
650 870
250 580
750 390
400 30
300 190
800 0
650 470
0 990
600 460
400 960
450 790
500 620
150 260
100 430
50 420
400 560
450 390
100 30
950 200
350 550
50 20
850 360
500 0
250 710
800 350
600 990
350 150
100 960
200 620
700 430
50 950
750 120
950 950
200 400
600 590
450 920
100 560
150 390
500 750
400 910
850 890
600 190
800 880
450 520
100 160
400 690
950 330
350 680
50 150
900 320
750 650
800 480
450 120
400 290
650 950
200 750
850 90
700 560
550 890
800 80
650 550
100 690
500 880
200 350
50 680
550 490
500 480
100 290
150 120
350 810
0 450
850 620
550 90
250 970
950 280
750 780
450 250
500 80
950 60
300 580
200 880
900 50
250 570
750 380
600 850
150 650
200 480
950 810
600 450
450 780
850 970
350 940
650 60
850 750
600 50
450 380
300 710
350 540
400 370
850 350
250 700
300 310
200 610
250 300
50 940
700 420
750 110
500 740
50 540
900 710
550 350
600 180
800 870
450 510
500 340
850 700
350 670
50 140
900 310
950 140
800 470
400 100
200 740
600 710
650 540
300 40
150 510
50 670
900 840
550 480
600 310
650 140
0 660
850 830
500 470
150 110
450 640
750 990
0 440
50 270
950 270
300 790
250 960
500 70
700 900
350 400
400 230
900 40
250 560
300 170
550 830
200 470
450 990
100 630
900 970
950 800
50 800
450 770
500 600
550 430
200 70
400 760
100 230
550 210
300 920
500 200
350 530
400 360
0 170
950 0
300 520
250 690
750 500
850 160
700 630
150 770
300 120
100 760
50 930
600 570
650 400
0 920
150 370
200 200
450 720
100 360
50 530
600 170
650 0
450 500
500 330
750 850
400 490
350 660
900 300
250 820
950 130
800 460
650 930
750 450
400 90
200 730
100 890
150 720
800 60
750 230
650 530
700 360
500 860
200 330
700 140
100 490
950 660
600 300
650 130
150 100
400 620
50 260
100 90
900 430
450 450
300 780
950 260
0 250
250 950
700 890
350 390
750 580
900 30
300 380
150 850
700 490
500 990
600 650
250 150
100 620
600 430
700 90
850 950
900 780
200 60
50 390
100 220
900 560
300 910
350 740
550 20
750 710
350 520
450 180
900 160
300 510
800 320
850 150
700 620
600 780
250 280
100 750
150 580
650 390
0 910
50 740
900 910
550 550
500 720
400 880
50 520
450 710
600 160
0 510
900 510
750 840
950 120
300 640
350 470
800 450
650 920
600 910
200 720
250 410
800 50
650 520
50 870
500 850
550 680
450 840
600 290
0 640
50 470
850 810
500 450
550 280
900 640
50 250
450 440
300 770
800 580
900 240
700 880
500 50
750 570
200 850
350 200
150 840
800 180
700 480
200 450
100 610
150 440
950 780
650 250
0 770
50 600
550 410
400 740
450 570
150 40
950 380
350 730
250 890
550 10
750 700
800 530
400 340
300 500
350 330
150 970
800 310
850 140
650 780
250 490
750 300
550 940
200 580
600 770
250 270
300 100
100 740
500 930
150 570
650 380
0 900
900 900
550 540
600 370
100 340
150 170
950 510
350 860
0 500
50 330
850 670
500 310
900 500
950 110
300 630
350 460
900 100
250 620
400 70
600 900
650 730
150 700
800 40
250 220
50 860
550 670
600 500
250 0
450 830
100 470
500 660
350 990
0 630
650 110
50 460
550 270
600 100
950 460
750 960
400 600
50 60
500 40
900 230
400 200
300 360
150 830
50 990
750 160
550 800
600 630
450 960
500 790
150 430
200 260
100 600
650 240
0 760
50 590
850 930
400 950
550 400
800 920
450 560
100 200
150 30
350 720
900 360
550 0
400 330
450 160
350 320
100 950
800 120
600 760
650 590
500 920
150 560
250 80
0 890
100 550
900 890
950 720
50 720
650 190
700 200
850 880
500 520
450 690
400 680
50 320
900 490
750 820
800 650
450 290
500 120
950 100
300 620
250 610
800 250
600 890
300 220
350 50
150 690
50 850
750 20
600 490
0 840
500 650
150 290
350 980
400 810
50 450
100 280
550 260
300 970
950 450
600 90
750 950
850 610
450 420
850 390
900 220
950 50
300 570
250 740
750 550
700 860
450 20
650 850
300 350
150 820
200 650
400 10
250 340
100 810
750 150
600 620
500 780
550 610
200 250
150 420
400 940
100 410
900 750
950 580
650 50
800 910
150 20
50 180
100 10
950 180
300 700
450 150
850 340
700 810
150 950
400 140
850 120
250 470
100 940
800 110
600 750
450 900
100 540
900 880
600 350
650 180
500 510
150 150
550 340
400 670
50 310
550 120
300 830
950 310
800 640
450 280
850 470
750 630
0 80
200 910
400 270
250 600
800 240
850 70
600 880
650 710
350 40
550 870
200 510
150 680
700 320
300 30
50 840
750 10
950 840
250 200
650 310
0 830
550 470
150 280
350 970
400 800
450 410
850 600
750 760
400 400
350 570
250 730
0 30
800 370
850 200
650 840
700 670
450 10
200 640
100 800
150 630
950 970
600 610
700 270
500 770
150 410
900 960
200 240
400 930
450 760
100 400
950 570
600 210
0 560
850 730
150 10
350 700
750 890
450 360
50 170
900 340
250 860
300 690
0 160
450 140
250 460
300 290
150 760
800 100
650 570
550 730
600 560
50 700
450 890
950 700
650 170
700 0
450 490
50 300
350 650
800 630
850 460
500 100
200 900
450 90
900 70
650 700
700 530
350 30
250 190
300 20
950 830
650 300
700 130
900 820
400 790
950 430
0 420
800 760
900 420
500 230
250 940
400 390
450 220
900 200
300 550
350 380
0 20
800 360
850 190
700 660
550 990
600 820
250 320
300 150
100 790
650 430
700 260
0 950
50 780
500 760
600 420
200 230
450 750
150 220
950 560
350 910
50 380
850 720
500 360
550 190
750 880
400 520
50 160
800 710
450 350
950 160
0 150
800 490
650 960
250 670
900 150
750 480
200 760
250 450
300 280
100 920
700 390
50 910
750 80
200 360
450 880
100 520
150 350
500 710
650 160
0 680
850 850
500 490
600 150
800 840
100 120
350 640
50 110
850 450
500 90
700 920
750 610
400 250
800 440
650 910
350 240
150 880
800 220
250 400
700 520
200 490
600 680
100 650
700 120
50 640
900 810
550 450
200 90
800 970
500 440
150 80
950 420
100 250
0 410
850 580
500 220
250 930
900 410
550 50
750 740
800 570
450 210
350 370
200 840
900 10
700 650
750 340
800 170
600 810
100 780
500 970
250 130
50 770
900 940
550 580
950 770
450 740
100 380
500 570
0 540
850 710
900 540
750 870
400 510
450 340
350 500
900 140