100
67 49
21 96
37 58
39 47
84 10
52 26
94 17
16 89
19 13
70 41
62 86
68 9
84 2
10 15
14 21
73 17
31 30
92 38
76 95
85 32
74 87
99 42
79 93
27 62
69 74
97 80
36 95
3 48
29 41
60 24
49 81
28 22
20 33
71 57
53 32
23 39
77 23
85 35
11 8
26 63
72 91
59 24
91 7
81 46
90 7
80 43
38 71
61 27
56 47
88 63
82 16
90 1
73 54
56 65
22 46
44 25
99 51
44 54
18 6
9 66
75 88
97 36
86 18
11 29
12 53
93 20
45 78
4 67
69 75
57 2
50 64
34 100
15 51
87 28
30 77
14 83
6 3
70 52
83 98
58 31
78 19
60 42
43 98
48 89
65 34
76 79
94 68
61 4
55 13
40 45
100 96
12 5
37 64
33 66
92 25
82 50
5 40
35 1
8 55
72 59
